0 0 0
-1.64649e-10 -5.6742e-10 4.3332e-12
-6.58639e-10 -2.26824e-09 1.73432e-11
-1.48205e-09 -5.10032e-09 3.9047e-11
-2.63498e-09 -9.06148e-09 6.94635e-11
-4.11756e-09 -1.41496e-08 1.08614e-10
-5.92993e-09 -2.03625e-08 1.56521e-10
-8.07226e-09 -2.76979e-08 2.13209e-10
-1.05447e-08 -3.61539e-08 2.78705e-10
-1.33476e-08 -4.57281e-08 3.53039e-10
-1.64811e-08 -5.64185e-08 4.3624e-10
-1.99454e-08 -6.82229e-08 5.28342e-10
-2.37409e-08 -8.1139e-08 6.2938e-10
-2.78678e-08 -9.51649e-08 7.39389e-10
-3.23265e-08 -1.10298e-07 8.5841e-10
-3.71174e-08 -1.26537e-07 9.86482e-10
-4.22407e-08 -1.43879e-07 1.12365e-09
-4.7697e-08 -1.62322e-07 1.26996e-09
-5.34866e-08 -1.81863e-07 1.42545e-09
-5.961e-08 -2.02502e-07 1.59018e-09
-6.60677e-08 -2.24235e-07 1.76419e-09
-7.28601e-08 -2.47061e-07 1.94755e-09
-7.99877e-08 -2.70977e-07 2.1403e-09
-8.74512e-08 -2.95981e-07 2.3425e-09
-9.5251e-08 -3.22071e-07 2.5542e-09
-1.03388e-07 -3.49245e-07 2.77549e-09
-1.11862e-07 -3.77501e-07 3.0064e-09
-1.20675e-07 -4.06836e-07 3.24701e-09
-1.29826e-07 -4.37249e-07 3.4974e-09
-1.39317e-07 -4.68738e-07 3.75761e-09
-1.49149e-07 -5.013e-07 4.02773e-09
-1.59321e-07 -5.34933e-07 4.30783e-09
-1.69835e-07 -5.69635e-07 4.59799e-09
-1.80692e-07 -6.05405e-07 4.89828e-09
-1.91892e-07 -6.42239e-07 5.20878e-09
-2.03436e-07 -6.80137e-07 5.52957e-09
-2.15325e-07 -7.19095e-07 5.86073e-09
-2.2756e-07 -7.59112e-07 6.20235e-09
-2.40142e-07 -8.00186e-07 6.55452e-09
-2.53072e-07 -8.42315e-07 6.91732e-09
-2.6635e-07 -8.85497e-07 7.29085e-09
-2.79978e-07 -9.29729e-07 7.67519e-09
-2.93957e-07 -9.7501e-07 8.07045e-09
-3.08287e-07 -1.02134e-06 8.47671e-09
-3.22971e-07 -1.06871e-06 8.89408e-09
-3.38008e-07 -1.11713e-06 9.32266e-09
-3.534e-07 -1.16658e-06 9.76254e-09
-3.69148e-07 -1.21708e-06 1.02138e-08
-3.85253e-07 -1.26861e-06 1.06766e-08
-4.01716e-07 -1.32118e-06 1.11511e-08
-4.18539e-07 -1.37478e-06 1.16373e-08
-4.35723e-07 -1.42941e-06 1.21353e-08
-4.53269e-07 -1.48507e-06 1.26452e-08
-4.71178e-07 -1.54176e-06 1.31673e-08
-4.89451e-07 -1.59947e-06 1.37015e-08
-5.08091e-07 -1.65821e-06 1.4248e-08
-5.27097e-07 -1.71797e-06 1.48069e-08
-5.46473e-07 -1.77875e-06 1.53784e-08
-5.66218e-07 -1.84054e-06 1.59626e-08
-5.86334e-07 -1.90336e-06 1.65595e-08
-6.06823e-07 -1.96719e-06 1.71694e-08
-6.27687e-07 -2.03203e-06 1.77923e-08
-6.48926e-07 -2.09788e-06 1.84283e-08
-6.70542e-07 -2.16474e-06 1.90777e-08
-6.92537e-07 -2.23261e-06 1.97405e-08
-7.14912e-07 -2.30149e-06 2.04168e-08
-7.37669e-07 -2.37137e-06 2.11069e-08
-7.60809e-07 -2.44226e-06 2.18108e-08
-7.84334e-07 -2.51414e-06 2.25286e-08
-8.08246e-07 -2.58703e-06 2.32606e-08
-8.32546e-07 -2.66091e-06 2.40068e-08
-8.57236e-07 -2.73579e-06 2.47674e-08
-8.82317e-07 -2.81166e-06 2.55425e-08
-9.07792e-07 -2.88853e-06 2.63324e-08
-9.33661e-07 -2.96639e-06 2.7137e-08
-9.59928e-07 -3.04524e-06 2.79566e-08
-9.86593e-07 -3.12508e-06 2.87913e-08
-1.01366e-06 -3.2059e-06 2.96412e-08
-1.04113e-06 -3.28772e-06 3.05066e-08
-1.069e-06 -3.37051e-06 3.13875e-08
-1.09727e-06 -3.45429e-06 3.22841e-08
-1.12596e-06 -3.53906e-06 3.31966e-08
-1.15505e-06 -3.6248e-06 3.41251e-08
-1.18456e-06 -3.71152e-06 3.50698e-08
-1.21448e-06 -3.79922e-06 3.60308e-08
-1.24481e-06 -3.8879e-06 3.70083e-08
-1.27557e-06 -3.97755e-06 3.80024e-08
-1.30674e-06 -4.06818e-06 3.90133e-08
-1.33833e-06 -4.15978e-06 4.00411e-08
-1.37035e-06 -4.25235e-06 4.10861e-08
-1.40279e-06 -4.34589e-06 4.21483e-08
-1.43566e-06 -4.44041e-06 4.32279e-08
-1.46896e-06 -4.53589e-06 4.43251e-08
-1.50269e-06 -4.63234e-06 4.54401e-08
-1.53685e-06 -4.72975e-06 4.6573e-08
-1.57145e-06 -4.82814e-06 4.77239e-08
-1.60649e-06 -4.92748e-06 4.88931e-08
-1.64196e-06 -5.02779e-06 5.00807e-08
-1.67788e-06 -5.12906e-06 5.12868e-08
-1.71425e-06 -5.2313e-06 5.25116e-08
-1.75106e-06 -5.3345e-06 5.37554e-08
-1.78832e-06 -5.43865e-06 5.50182e-08
-1.82603e-06 -5.54377e-06 5.63002e-08
-1.86419e-06 -5.64984e-06 5.76015e-08
-1.90281e-06 -5.75688e-06 5.89224e-08
-1.94188e-06 -5.86487e-06 6.0263e-08
-1.98142e-06 -5.97381e-06 6.16235e-08
-2.02142e-06 -6.08372e-06 6.30041e-08
-2.06188e-06 -6.19458e-06 6.44048e-08
-2.10281e-06 -6.30639e-06 6.58259e-08
-2.14421e-06 -6.41916e-06 6.72675e-08
-2.18608e-06 -6.53288e-06 6.87298e-08
-2.22843e-06 -6.64755e-06 7.02129e-08
-2.27125e-06 -6.76318e-06 7.17171e-08
-2.31455e-06 -6.87976e-06 7.32425e-08
-2.35833e-06 -6.99729e-06 7.47892e-08
-2.40259e-06 -7.11577e-06 7.63574e-08
-2.44734e-06 -7.23521e-06 7.79473e-08
-2.49257e-06 -7.35559e-06 7.95591e-08
-2.5383e-06 -7.47693e-06 8.11928e-08
-2.58452e-06 -7.59922e-06 8.28487e-08
-2.63124e-06 -7.72245e-06 8.45269e-08
-2.67845e-06 -7.84664e-06 8.62276e-08
-2.72616e-06 -7.97178e-06 8.79509e-08
-2.77438e-06 -8.09787e-06 8.96971e-08
-2.82309e-06 -8.2249e-06 9.14662e-08
-2.87232e-06 -8.35289e-06 9.32584e-08
-2.92206e-06 -8.48183e-06 9.50739e-08
-2.97231e-06 -8.61171e-06 9.69128e-08
-3.02307e-06 -8.74255e-06 9.87753e-08
-3.07435e-06 -8.87434e-06 1.00662e-07
-3.12615e-06 -9.00707e-06 1.02572e-07
-3.17847e-06 -9.14076e-06 1.04506e-07
-3.23132e-06 -9.2754e-06 1.06464e-07
-3.28469e-06 -9.41099e-06 1.08447e-07
-3.3386e-06 -9.54753e-06 1.10454e-07
-3.39303e-06 -9.68502e-06 1.12486e-07
-3.448e-06 -9.82346e-06 1.14543e-07
-3.5035e-06 -9.96286e-06 1.16624e-07
-3.55955e-06 -1.01032e-05 1.18731e-07
-3.61613e-06 -1.02445e-05 1.20863e-07
-3.67326e-06 -1.03868e-05 1.2302e-07
-3.73094e-06 -1.053e-05 1.25203e-07
-3.78917e-06 -1.06741e-05 1.27412e-07
-3.84794e-06 -1.08192e-05 1.29646e-07
-3.90727e-06 -1.09653e-05 1.31906e-07
-3.96716e-06 -1.11124e-05 1.34193e-07
-4.02761e-06 -1.12603e-05 1.36505e-07
-4.08862e-06 -1.14093e-05 1.38844e-07
-4.15019e-06 -1.15592e-05 1.41209e-07
-4.21232e-06 -1.171e-05 1.43601e-07
-4.27503e-06 -1.18619e-05 1.4602e-07
-4.33831e-06 -1.20147e-05 1.48465e-07
-4.40215e-06 -1.21684e-05 1.50938e-07
-4.46658e-06 -1.23231e-05 1.53437e-07
-4.53158e-06 -1.24788e-05 1.55964e-07
-4.59717e-06 -1.26354e-05 1.58518e-07
-4.66333e-06 -1.2793e-05 1.611e-07
-4.73009e-06 -1.29516e-05 1.63709e-07
-4.79742e-06 -1.31111e-05 1.66346e-07
-4.86535e-06 -1.32716e-05 1.69011e-07
-4.93388e-06 -1.34331e-05 1.71704e-07
-5.00299e-06 -1.35956e-05 1.74424e-07
-5.0727e-06 -1.3759e-05 1.77173e-07
-5.14302e-06 -1.39234e-05 1.7995e-07
-5.21393e-06 -1.40888e-05 1.82756e-07
-5.28545e-06 -1.42551e-05 1.8559e-07
-5.35757e-06 -1.44224e-05 1.88452e-07
-5.4303e-06 -1.45907e-05 1.91343e-07
-5.50365e-06 -1.476e-05 1.94263e-07
-5.5776e-06 -1.49303e-05 1.97212e-07
-5.65217e-06 -1.51015e-05 2.00189e-07
-5.72736e-06 -1.52738e-05 2.03196e-07
-5.80316e-06 -1.5447e-05 2.06232e-07
-5.87959e-06 -1.56212e-05 2.09297e-07
-5.95665e-06 -1.57964e-05 2.12391e-07
-6.03432e-06 -1.59726e-05 2.15515e-07
-6.11263e-06 -1.61498e-05 2.18668e-07
-6.19156e-06 -1.6328e-05 2.2185e-07
-6.27113e-06 -1.65072e-05 2.25063e-07
-6.35133e-06 -1.66873e-05 2.28305e-07
-6.43217e-06 -1.68685e-05 2.31576e-07
-6.51365e-06 -1.70507e-05 2.34878e-07
-6.59577e-06 -1.72339e-05 2.38209e-07
-6.67853e-06 -1.74181e-05 2.4157e-07
-6.76193e-06 -1.76033e-05 2.44961e-07
-6.84598e-06 -1.77895e-05 2.48383e-07
-6.93068e-06 -1.79767e-05 2.51834e-07
-7.01603e-06 -1.81649e-05 2.55316e-07
-7.10203e-06 -1.83542e-05 2.58827e-07
-7.18868e-06 -1.85444e-05 2.62369e-07
-7.27599e-06 -1.87357e-05 2.65942e-07
-7.36396e-06 -1.8928e-05 2.69545e-07
-7.45259e-06 -1.91214e-05 2.73178e-07
-7.54188e-06 -1.93157e-05 2.76841e-07
-7.63183e-06 -1.95111e-05 2.80535e-07
-7.72245e-06 -1.97075e-05 2.8426e-07
-7.81373e-06 -1.9905e-05 2.88015e-07
-7.90568e-06 -2.01035e-05 2.91801e-07
-7.9983e-06 -2.0303e-05 2.95617e-07
-8.09159e-06 -2.05035e-05 2.99464e-07
-8.18556e-06 -2.07051e-05 3.03342e-07
-8.2802e-06 -2.09078e-05 3.0725e-07
-8.37552e-06 -2.11115e-05 3.11189e-07
-8.47151e-06 -2.13162e-05 3.15159e-07
-8.56819e-06 -2.1522e-05 3.19159e-07
-8.66554e-06 -2.17289e-05 3.23191e-07
-8.76358e-06 -2.19368e-05 3.27253e-07
-8.8623e-06 -2.21457e-05 3.31345e-07
-8.96171e-06 -2.23558e-05 3.35469e-07
-9.0618e-06 -2.25669e-05 3.39623e-07
-9.16258e-06 -2.2779e-05 3.43808e-07
-9.26405e-06 -2.29922e-05 3.48024e-07
-9.36621e-06 -2.32065e-05 3.5227e-07
-9.46906e-06 -2.34219e-05 3.56548e-07
-9.57261e-06 -2.36384e-05 3.60856e-07
-9.67685e-06 -2.38559e-05 3.65195e-07
-9.78179e-06 -2.40745e-05 3.69564e-07
-9.88742e-06 -2.42942e-05 3.73964e-07
-9.99375e-06 -2.4515e-05 3.78395e-07
-1.01008e-05 -2.47368e-05 3.82857e-07
-1.02085e-05 -2.49598e-05 3.87349e-07
-1.03169e-05 -2.51839e-05 3.91872e-07
-1.04261e-05 -2.5409e-05 3.96425e-07
-1.05359e-05 -2.56353e-05 4.01009e-07
-1.06464e-05 -2.58626e-05 4.05623e-07
-1.07577e-05 -2.60911e-05 4.10268e-07
-1.08696e-05 -2.63207e-05 4.14944e-07
-1.09823e-05 -2.65514e-05 4.19649e-07
-1.10957e-05 -2.67832e-05 4.24386e-07
-1.12097e-05 -2.70161e-05 4.29152e-07
-1.13245e-05 -2.72501e-05 4.33949e-07
-1.144e-05 -2.74853e-05 4.38776e-07
-1.15562e-05 -2.77216e-05 4.43633e-07
-1.16731e-05 -2.7959e-05 4.4852e-07
-1.17908e-05 -2.81976e-05 4.53438e-07
-1.19091e-05 -2.84373e-05 4.58385e-07
-1.20282e-05 -2.86781e-05 4.63363e-07
-1.21479e-05 -2.892e-05 4.6837e-07
-1.22684e-05 -2.91632e-05 4.73407e-07
-1.23896e-05 -2.94074e-05 4.78474e-07
-1.25115e-05 -2.96528e-05 4.83571e-07
-1.26342e-05 -2.98994e-05 4.88697e-07
-1.27575e-05 -3.01471e-05 4.93853e-07
-1.28816e-05 -3.0396e-05 4.99038e-07
-1.30064e-05 -3.0646e-05 5.04253e-07
-1.31319e-05 -3.08972e-05 5.09497e-07
-1.32581e-05 -3.11496e-05 5.1477e-07
-1.3385e-05 -3.14031e-05 5.20073e-07
-1.35127e-05 -3.16578e-05 5.25405e-07
-1.3641e-05 -3.19137e-05 5.30765e-07
-1.37701e-05 -3.21708e-05 5.36155e-07
-1.38999e-05 -3.2429e-05 5.41574e-07
-1.40305e-05 -3.26884e-05 5.47021e-07
-1.41617e-05 -3.2949e-05 5.52497e-07
-1.42937e-05 -3.32109e-05 5.58002e-07
-1.44263e-05 -3.34739e-05 5.63535e-07
-1.45597e-05 -3.37381e-05 5.69097e-07
-1.46939e-05 -3.40035e-05 5.74686e-07
-1.48287e-05 -3.42701e-05 5.80305e-07
-1.49643e-05 -3.45379e-05 5.85951e-07
-1.51005e-05 -3.48069e-05 5.91625e-07
-1.52375e-05 -3.50771e-05 5.97327e-07
-1.53752e-05 -3.53486e-05 6.03057e-07
-1.55137e-05 -3.56212e-05 6.08815e-07
-1.56528e-05 -3.58951e-05 6.146e-07
-1.57927e-05 -3.61702e-05 6.20413e-07
-1.59333e-05 -3.64465e-05 6.26253e-07
-1.60746e-05 -3.67241e-05 6.32121e-07
-1.62166e-05 -3.70029e-05 6.38015e-07
-1.63593e-05 -3.72829e-05 6.43937e-07
-1.65028e-05 -3.75642e-05 6.49886e-07
-1.66469e-05 -3.78467e-05 6.55861e-07
-1.67918e-05 -3.81305e-05 6.61864e-07
-1.69374e-05 -3.84155e-05 6.67893e-07
-1.70837e-05 -3.87017e-05 6.73948e-07
-1.72307e-05 -3.89892e-05 6.8003e-07
-1.73784e-05 -3.9278e-05 6.86138e-07
-1.75268e-05 -3.9568e-05 6.92272e-07
-1.7676e-05 -3.98593e-05 6.98432e-07
-1.78258e-05 -4.01518e-05 7.04618e-07
-1.79764e-05 -4.04456e-05 7.1083e-07
-1.81277e-05 -4.07407e-05 7.17067e-07
-1.82797e-05 -4.10371e-05 7.2333e-07
-1.84324e-05 -4.13347e-05 7.29619e-07
-1.85857e-05 -4.16336e-05 7.35933e-07
-1.87398e-05 -4.19338e-05 7.42271e-07
-1.88946e-05 -4.22353e-05 7.48635e-07
-1.90501e-05 -4.25381e-05 7.55024e-07
-1.92064e-05 -4.28421e-05 7.61438e-07
-1.93633e-05 -4.31475e-05 7.67876e-07
-1.95209e-05 -4.34541e-05 7.74338e-07
-1.96792e-05 -4.3762e-05 7.80825e-07
-1.98382e-05 -4.40713e-05 7.87337e-07
-1.99979e-05 -4.43818e-05 7.93872e-07
-2.01583e-05 -4.46937e-05 8.00432e-07
-2.03194e-05 -4.50068e-05 8.07015e-07
-2.04811e-05 -4.53213e-05 8.13622e-07
-2.06436e-05 -4.56371e-05 8.20253e-07
-2.08068e-05 -4.59542e-05 8.26907e-07
-2.09706e-05 -4.62726e-05 8.33584e-07
-2.11352e-05 -4.65923e-05 8.40285e-07
-2.13004e-05 -4.69134e-05 8.47008e-07
-2.14663e-05 -4.72358e-05 8.53755e-07
-2.16329e-05 -4.75595e-05 8.60525e-07
-2.18002e-05 -4.78846e-05 8.67317e-07
-2.19682e-05 -4.8211e-05 8.74131e-07
-2.21368e-05 -4.85387e-05 8.80968e-07
-2.23061e-05 -4.88677e-05 8.87828e-07
-2.24761e-05 -4.91982e-05 8.94709e-07
-2.26468e-05 -4.95299e-05 9.01613e-07
-2.28181e-05 -4.9863e-05 9.08538e-07
-2.29902e-05 -5.01975e-05 9.15485e-07
-2.31629e-05 -5.05333e-05 9.22454e-07
-2.33362e-05 -5.08704e-05 9.29444e-07
-2.35103e-05 -5.12089e-05 9.36456e-07
-2.36849e-05 -5.15488e-05 9.43488e-07
-2.38603e-05 -5.189e-05 9.50542e-07
-2.40363e-05 -5.22326e-05 9.57617e-07
-2.4213e-05 -5.25766e-05 9.64712e-07
-2.43904e-05 -5.29219e-05 9.71829e-07
-2.45684e-05 -5.32686e-05 9.78966e-07
-2.4747e-05 -5.36167e-05 9.86123e-07
-2.49263e-05 -5.39661e-05 9.933e-07
-2.51063e-05 -5.4317e-05 1.0005e-06
-2.52869e-05 -5.46692e-05 1.00772e-06
-2.54682e-05 -5.50227e-05 1.01495e-06
-2.56501e-05 -5.53777e-05 1.02221e-06
-2.58326e-05 -5.57341e-05 1.02949e-06
-2.60158e-05 -5.60918e-05 1.03678e-06
-2.61997e-05 -5.64509e-05 1.0441e-06
-2.63842e-05 -5.68115e-05 1.05144e-06
-2.65693e-05 -5.71734e-05 1.05879e-06
-2.6755e-05 -5.75367e-05 1.06616e-06
-2.69414e-05 -5.79014e-05 1.07356e-06
-2.71284e-05 -5.82675e-05 1.08097e-06
-2.73161e-05 -5.8635e-05 1.0884e-06
-2.75044e-05 -5.90039e-05 1.09584e-06
-2.76933e-05 -5.93743e-05 1.10331e-06
-2.78828e-05 -5.9746e-05 1.1108e-06
-2.8073e-05 -6.01191e-05 1.1183e-06
-2.82637e-05 -6.04937e-05 1.12582e-06
-2.84551e-05 -6.08696e-05 1.13336e-06
-2.86471e-05 -6.1247e-05 1.14092e-06
-2.88398e-05 -6.16258e-05 1.14849e-06
-2.9033e-05 -6.2006e-05 1.15608e-06
-2.92268e-05 -6.23876e-05 1.16369e-06
-2.94213e-05 -6.27707e-05 1.17132e-06
-2.96163e-05 -6.31552e-05 1.17896e-06
-2.9812e-05 -6.35411e-05 1.18662e-06
-3.00083e-05 -6.39284e-05 1.1943e-06
-3.02051e-05 -6.43171e-05 1.202e-06
-3.04026e-05 -6.47073e-05 1.20971e-06
-3.06006e-05 -6.50989e-05 1.21744e-06
-3.07993e-05 -6.5492e-05 1.22518e-06
-3.09985e-05 -6.58865e-05 1.23294e-06
-3.11983e-05 -6.62824e-05 1.24072e-06
-3.13987e-05 -6.66798e-05 1.24852e-06
-3.15997e-05 -6.70786e-05 1.25633e-06
-3.18013e-05 -6.74788e-05 1.26415e-06
-3.20035e-05 -6.78805e-05 1.27199e-06
-3.22062e-05 -6.82836e-05 1.27985e-06
-3.24095e-05 -6.86882e-05 1.28773e-06
-3.26134e-05 -6.90942e-05 1.29561e-06
-3.28179e-05 -6.95016e-05 1.30352e-06
-3.30229e-05 -6.99105e-05 1.31144e-06
-3.32285e-05 -7.03209e-05 1.31937e-06
-3.34346e-05 -7.07327e-05 1.32733e-06
-3.36413e-05 -7.1146e-05 1.33529e-06
-3.38486e-05 -7.15607e-05 1.34327e-06
-3.40565e-05 -7.19769e-05 1.35127e-06
-3.42648e-05 -7.23945e-05 1.35928e-06
-3.44738e-05 -7.28136e-05 1.3673e-06
-3.46833e-05 -7.32341e-05 1.37534e-06
-3.48933e-05 -7.36561e-05 1.3834e-06
-3.51039e-05 -7.40796e-05 1.39147e-06
-3.5315e-05 -7.45045e-05 1.39955e-06
-3.55267e-05 -7.49309e-05 1.40765e-06
-3.57389e-05 -7.53588e-05 1.41576e-06
-3.59517e-05 -7.57881e-05 1.42388e-06
-3.61649e-05 -7.62189e-05 1.43202e-06
-3.63788e-05 -7.66511e-05 1.44018e-06
-3.65931e-05 -7.70849e-05 1.44834e-06
-3.6808e-05 -7.75201e-05 1.45653e-06
-3.70234e-05 -7.79567e-05 1.46472e-06
-3.72393e-05 -7.83949e-05 1.47293e-06
-3.74557e-05 -7.88345e-05 1.48115e-06
-3.76727e-05 -7.92755e-05 1.48939e-06
-3.78902e-05 -7.97181e-05 1.49764e-06
-3.81082e-05 -8.01621e-05 1.5059e-06
-3.83267e-05 -8.06076e-05 1.51417e-06
-3.85457e-05 -8.10546e-05 1.52246e-06
-3.87652e-05 -8.15031e-05 1.53076e-06
-3.89852e-05 -8.1953e-05 1.53908e-06
-3.92058e-05 -8.24044e-05 1.54741e-06
-3.94268e-05 -8.28573e-05 1.55575e-06
-3.96483e-05 -8.33117e-05 1.5641e-06
-3.98703e-05 -8.37676e-05 1.57246e-06
-4.00929e-05 -8.42249e-05 1.58084e-06
-4.03159e-05 -8.46838e-05 1.58923e-06
-4.05394e-05 -8.51441e-05 1.59764e-06
-4.07633e-05 -8.56059e-05 1.60605e-06
-4.09878e-05 -8.60691e-05 1.61448e-06
-4.12128e-05 -8.65339e-05 1.62292e-06
-4.14382e-05 -8.70002e-05 1.63138e-06
-4.16641e-05 -8.74679e-05 1.63984e-06
-4.18905e-05 -8.79371e-05 1.64832e-06
-4.21173e-05 -8.84078e-05 1.65681e-06
-4.23446e-05 -8.888e-05 1.66531e-06
-4.25724e-05 -8.93537e-05 1.67382e-06
-4.28007e-05 -8.98289e-05 1.68235e-06
-4.30294e-05 -9.03056e-05 1.69088e-06
-4.32586e-05 -9.07837e-05 1.69943e-06
-4.34883e-05 -9.12634e-05 1.70799e-06
-4.37184e-05 -9.17445e-05 1.71656e-06
-4.39489e-05 -9.22272e-05 1.72515e-06
-4.41799e-05 -9.27113e-05 1.73374e-06
-4.44114e-05 -9.31969e-05 1.74235e-06
-4.46433e-05 -9.3684e-05 1.75097e-06
-4.48756e-05 -9.41727e-05 1.7596e-06
-4.51084e-05 -9.46628e-05 1.76824e-06
-4.53417e-05 -9.51544e-05 1.77689e-06
-4.55754e-05 -9.56475e-05 1.78555e-06
-4.58095e-05 -9.61421e-05 1.79422e-06
-4.6044e-05 -9.66382e-05 1.80291e-06
-4.6279e-05 -9.71357e-05 1.81161e-06
-4.65144e-05 -9.76348e-05 1.82031e-06
-4.67503e-05 -9.81354e-05 1.82903e-06
-4.69865e-05 -9.86375e-05 1.83776e-06
-4.72232e-05 -9.91411e-05 1.8465e-06
-4.74603e-05 -9.96461e-05 1.85525e-06
-4.76979e-05 -0.000100153 1.86401e-06
-4.79358e-05 -0.000100661 1.87278e-06
-4.81742e-05 -0.00010117 1.88156e-06
-4.8413e-05 -0.000101681 1.89036e-06
-4.86522e-05 -0.000102194 1.89916e-06
-4.88918e-05 -0.000102708 1.90797e-06
-4.91318e-05 -0.000103224 1.9168e-06
-4.93722e-05 -0.000103741 1.92563e-06
-4.9613e-05 -0.000104259 1.93448e-06
-4.98542e-05 -0.000104779 1.94333e-06
-5.00958e-05 -0.000105301 1.9522e-06
-5.03378e-05 -0.000105824 1.96107e-06
-5.05803e-05 -0.000106349 1.96996e-06
-5.0823e-05 -0.000106875 1.97886e-06
-5.10662e-05 -0.000107402 1.98776e-06
-5.13098e-05 -0.000107931 1.99668e-06
-5.15538e-05 -0.000108462 2.0056e-06
-5.17981e-05 -0.000108994 2.01454e-06
-5.20428e-05 -0.000109528 2.02348e-06
-5.22879e-05 -0.000110063 2.03244e-06
-5.25334e-05 -0.000110599 2.0414e-06
-5.27793e-05 -0.000111137 2.05038e-06
-5.30255e-05 -0.000111677 2.05936e-06
-5.32721e-05 -0.000112218 2.06836e-06
-5.35191e-05 -0.000112761 2.07736e-06
-5.37664e-05 -0.000113305 2.08638e-06
-5.40141e-05 -0.00011385 2.0954e-06
-5.42622e-05 -0.000114397 2.10443e-06
-5.45106e-05 -0.000114946 2.11347e-06
-5.47594e-05 -0.000115496 2.12252e-06
-5.50085e-05 -0.000116048 2.13158e-06
-5.5258e-05 -0.000116601 2.14065e-06
-5.55079e-05 -0.000117156 2.14973e-06
-5.57581e-05 -0.000117712 2.15882e-06
-5.60086e-05 -0.000118269 2.16791e-06
-5.62595e-05 -0.000118828 2.17702e-06
-5.65108e-05 -0.000119389 2.18613e-06
-5.67623e-05 -0.000119951 2.19526e-06
-5.70143e-05 -0.000120515 2.20439e-06
-5.72665e-05 -0.00012108 2.21353e-06
-5.75191e-05 -0.000121647 2.22268e-06
-5.77721e-05 -0.000122215 2.23184e-06
-5.80253e-05 -0.000122785 2.24101e-06
-5.82789e-05 -0.000123356 2.25019e-06
-5.85329e-05 -0.000123928 2.25937e-06
-5.87871e-05 -0.000124503 2.26856e-06
-5.90417e-05 -0.000125078 2.27777e-06
-5.92966e-05 -0.000125655 2.28698e-06
-5.95518e-05 -0.000126234 2.2962e-06
-5.98074e-05 -0.000126814 2.30542e-06
-6.00633e-05 -0.000127396 2.31466e-06
-6.03194e-05 -0.000127979 2.3239e-06
-6.05759e-05 -0.000128564 2.33315e-06
-6.08327e-05 -0.00012915 2.34241e-06
-6.10899e-05 -0.000129738 2.35168e-06
-6.13473e-05 -0.000130327 2.36096e-06
-6.1605e-05 -0.000130918 2.37024e-06
-6.1863e-05 -0.00013151 2.37953e-06
-6.21214e-05 -0.000132104 2.38883e-06
-6.238e-05 -0.000132699 2.39814e-06
-6.2639e-05 -0.000133295 2.40746e-06
-6.28982e-05 -0.000133894 2.41678e-06
-6.31577e-05 -0.000134493 2.42611e-06
-6.34175e-05 -0.000135095 2.43545e-06
-6.36776e-05 -0.000135697 2.4448e-06
-6.3938e-05 -0.000136302 2.45415e-06
-6.41987e-05 -0.000136907 2.46351e-06
-6.44597e-05 -0.000137515 2.47288e-06
-6.4721e-05 -0.000138123 2.48225e-06
-6.49825e-05 -0.000138733 2.49164e-06
-6.52443e-05 -0.000139345 2.50103e-06
-6.55064e-05 -0.000139958 2.51042e-06
-6.57688e-05 -0.000140573 2.51983e-06
-6.60314e-05 -0.000141189 2.52924e-06
-6.62944e-05 -0.000141807 2.53865e-06
-6.65576e-05 -0.000142426 2.54808e-06
-6.6821e-05 -0.000143047 2.55751e-06
-6.70847e-05 -0.000143669 2.56695e-06
-6.73487e-05 -0.000144293 2.57639e-06
-6.7613e-05 -0.000144918 2.58585e-06
-6.78775e-05 -0.000145545 2.5953e-06
-6.81423e-05 -0.000146173 2.60477e-06
-6.84073e-05 -0.000146803 2.61424e-06
-6.86726e-05 -0.000147434 2.62372e-06
-6.89382e-05 -0.000148067 2.6332e-06
-6.9204e-05 -0.000148701 2.64269e-06
-6.947e-05 -0.000149337 2.65219e-06
-6.97363e-05 -0.000149974 2.66169e-06
-7.00029e-05 -0.000150612 2.6712e-06
-7.02696e-05 -0.000151253 2.68071e-06
-7.05367e-05 -0.000151894 2.69023e-06
-7.0804e-05 -0.000152538 2.69976e-06
-7.10715e-05 -0.000153182 2.70929e-06
-7.13392e-05 -0.000153828 2.71883e-06
-7.16072e-05 -0.000154476 2.72837e-06
-7.18755e-05 -0.000155125 2.73792e-06
-7.21439e-05 -0.000155776 2.74747e-06
-7.24126e-05 -0.000156428 2.75703e-06
-7.26815e-05 -0.000157082 2.7666e-06
-7.29507e-05 -0.000157737 2.77617e-06
-7.32201e-05 -0.000158393 2.78575e-06
-7.34897e-05 -0.000159051 2.79533e-06
-7.37595e-05 -0.000159711 2.80491e-06
-7.40295e-05 -0.000160372 2.8145e-06
-7.42998e-05 -0.000161035 2.8241e-06
-7.45703e-05 -0.000161699 2.8337e-06
-7.4841e-05 -0.000162364 2.84331e-06
-7.51119e-05 -0.000163031 2.85292e-06
-7.5383e-05 -0.0001637 2.86253e-06
-7.56543e-05 -0.00016437 2.87215e-06
-7.59259e-05 -0.000165041 2.88178e-06
-7.61976e-05 -0.000165714 2.89141e-06
-7.64696e-05 -0.000166389 2.90104e-06
-7.67417e-05 -0.000167065 2.91068e-06
-7.70141e-05 -0.000167742 2.92032e-06
-7.72866e-05 -0.000168421 2.92996e-06
-7.75594e-05 -0.000169101 2.93962e-06
-7.78324e-05 -0.000169783 2.94927e-06
-7.81055e-05 -0.000170467 2.95893e-06
-7.83788e-05 -0.000171152 2.96859e-06
-7.86524e-05 -0.000171838 2.97826e-06
-7.89261e-05 -0.000172526 2.98793e-06
-7.92e-05 -0.000173215 2.9976e-06
-7.94741e-05 -0.000173906 3.00728e-06
-7.97484e-05 -0.000174598 3.01696e-06
-8.00229e-05 -0.000175292 3.02664e-06
-8.02975e-05 -0.000175987 3.03633e-06
-8.05724e-05 -0.000176684 3.04602e-06
-8.08474e-05 -0.000177382 3.05572e-06
-8.11226e-05 -0.000178082 3.06542e-06
-8.13979e-05 -0.000178783 3.07512e-06
-8.16735e-05 -0.000179485 3.08482e-06
-8.19492e-05 -0.000180189 3.09453e-06
-8.22251e-05 -0.000180895 3.10424e-06
-8.25011e-05 -0.000181602 3.11396e-06
-8.27773e-05 -0.00018231 3.12367e-06
-8.30537e-05 -0.00018302 3.13339e-06
-8.33303e-05 -0.000183732 3.14312e-06
-8.3607e-05 -0.000184445 3.15284e-06
-8.38838e-05 -0.000185159 3.16257e-06
-8.41609e-05 -0.000185875 3.1723e-06
-8.44381e-05 -0.000186592 3.18203e-06
-8.47154e-05 -0.000187311 3.19177e-06
-8.49929e-05 -0.000188031 3.20151e-06
-8.52706e-05 -0.000188753 3.21125e-06
-8.55484e-05 -0.000189476 3.22099e-06
-8.58263e-05 -0.000190201 3.23074e-06
-8.61044e-05 -0.000190927 3.24048e-06
-8.63827e-05 -0.000191655 3.25023e-06
-8.66611e-05 -0.000192384 3.25998e-06
-8.69396e-05 -0.000193114 3.26974e-06
-8.72183e-05 -0.000193846 3.27949e-06
-8.74971e-05 -0.000194579 3.28925e-06
-8.77761e-05 -0.000195314 3.29901e-06
-8.80552e-05 -0.000196051 3.30877e-06
-8.83344e-05 -0.000196788 3.31854e-06
-8.86138e-05 -0.000197528 3.3283e-06
-8.88933e-05 -0.000198268 3.33807e-06
-8.9173e-05 -0.00019901 3.34784e-06
-8.94527e-05 -0.000199754 3.35761e-06
-8.97326e-05 -0.000200499 3.36738e-06
-9.00127e-05 -0.000201245 3.37716e-06
-9.02928e-05 -0.000201993 3.38693e-06
-9.05731e-05 -0.000202743 3.39671e-06
-9.08535e-05 -0.000203494 3.40649e-06
-9.1134e-05 -0.000204246 3.41627e-06
-9.14147e-05 -0.000204999 3.42605e-06
-9.16955e-05 -0.000205755 3.43583e-06
-9.19764e-05 -0.000206511 3.44562e-06
-9.22574e-05 -0.000207269 3.4554e-06
-9.25385e-05 -0.000208029 3.46519e-06
-9.28197e-05 -0.00020879 3.47498e-06
-9.31011e-05 -0.000209552 3.48477e-06
-9.33826e-05 -0.000210316 3.49456e-06
-9.36642e-05 -0.000211081 3.50435e-06
-9.39458e-05 -0.000211848 3.51415e-06
-9.42276e-05 -0.000212616 3.52394e-06
-9.45095e-05 -0.000213385 3.53374e-06
-9.47916e-05 -0.000214156 3.54353e-06
-9.50737e-05 -0.000214929 3.55333e-06
-9.53559e-05 -0.000215702 3.56313e-06
-9.56382e-05 -0.000216478 3.57293e-06
-9.59206e-05 -0.000217254 3.58273e-06
-9.62032e-05 -0.000218032 3.59254e-06
-9.64858e-05 -0.000218812 3.60234e-06
-9.67685e-05 -0.000219593 3.61215e-06
-9.70513e-05 -0.000220375 3.62195e-06
-9.73342e-05 -0.000221159 3.63176e-06
-9.76173e-05 -0.000221944 3.64157e-06
-9.79004e-05 -0.000222731 3.65138e-06
-9.81836e-05 -0.000223519 3.66119e-06
-9.84668e-05 -0.000224308 3.671e-06
-9.87502e-05 -0.000225099 3.68081e-06
-9.90337e-05 -0.000225892 3.69063e-06
-9.93172e-05 -0.000226685 3.70044e-06
-9.96009e-05 -0.00022748 3.71026e-06
-9.98846e-05 -0.000228277 3.72008e-06
-0.000100168 -0.000229075 3.72989e-06
-0.000100452 -0.000229874 3.73971e-06
-0.000100736 -0.000230675 3.74954e-06
-0.00010102 -0.000231477 3.75936e-06
-0.000101305 -0.00023228 3.76918e-06
-0.000101589 -0.000233085 3.77901e-06
-0.000101873 -0.000233892 3.78883e-06
-0.000102157 -0.000234699 3.79866e-06
-0.000102442 -0.000235508 3.80849e-06
-0.000102727 -0.000236319 3.81832e-06
-0.000103011 -0.000237131 3.82815e-06
-0.000103296 -0.000237944 3.83799e-06
-0.000103581 -0.000238759 3.84782e-06
-0.000103865 -0.000239575 3.85766e-06
-0.00010415 -0.000240392 3.8675e-06
-0.000104435 -0.000241211 3.87734e-06
-0.00010472 -0.000242031 3.88718e-06
-0.000105006 -0.000242853 3.89702e-06
-0.000105291 -0.000243676 3.90687e-06
-0.000105576 -0.0002445 3.91672e-06
-0.000105861 -0.000245326 3.92657e-06
-0.000106147 -0.000246153 3.93642e-06
-0.000106432 -0.000246982 3.94627e-06
-0.000106718 -0.000247812 3.95613e-06
-0.000107004 -0.000248643 3.96598e-06
-0.000107289 -0.000249476 3.97584e-06
-0.000107575 -0.00025031 3.98571e-06
-0.000107861 -0.000251145 3.99557e-06
-0.000108147 -0.000251982 4.00544e-06
-0.000108433 -0.00025282 4.01531e-06
-0.000108719 -0.000253659 4.02518e-06
-0.000109005 -0.0002545 4.03505e-06
-0.000109291 -0.000255342 4.04493e-06
-0.000109577 -0.000256186 4.05481e-06
-0.000109863 -0.000257031 4.0647e-06
-0.00011015 -0.000257877 4.07458e-06
-0.000110436 -0.000258725 4.08447e-06
-0.000110723 -0.000259574 4.09436e-06
-0.000111009 -0.000260424 4.10426e-06
-0.000111296 -0.000261275 4.11416e-06
-0.000111582 -0.000262129 4.12406e-06
-0.000111869 -0.000262983 4.13397e-06
-0.000112156 -0.000263839 4.14388e-06
-0.000112443 -0.000264696 4.15379e-06
-0.00011273 -0.000265554 4.16371e-06
-0.000113017 -0.000266414 4.17363e-06
-0.000113304 -0.000267275 4.18355e-06
-0.000113591 -0.000268137 4.19348e-06
-0.000113878 -0.000269001 4.20342e-06
-0.000114165 -0.000269866 4.21336e-06
-0.000114452 -0.000270733 4.2233e-06
-0.00011474 -0.0002716 4.23324e-06
-0.000115027 -0.00027247 4.2432e-06
-0.000115315 -0.00027334 4.25315e-06
-0.000115602 -0.000274212 4.26311e-06
-0.00011589 -0.000275085 4.27308e-06
-0.000116177 -0.000275959 4.28305e-06
-0.000116465 -0.000276835 4.29303e-06
-0.000116753 -0.000277712 4.30301e-06
-0.00011704 -0.000278591 4.313e-06
-0.000117328 -0.00027947 4.32299e-06
-0.000117616 -0.000280351 4.33299e-06
-0.000117904 -0.000281234 4.34299e-06
-0.000118192 -0.000282117 4.353e-06
-0.00011848 -0.000283002 4.36302e-06
-0.000118768 -0.000283889 4.37304e-06
-0.000119057 -0.000284776 4.38307e-06
-0.000119345 -0.000285665 4.39311e-06
-0.000119633 -0.000286555 4.40315e-06
-0.000119922 -0.000287447 4.4132e-06
-0.00012021 -0.00028834 4.42326e-06
-0.000120499 -0.000289234 4.43332e-06
-0.000120787 -0.000290129 4.44339e-06
-0.000121076 -0.000291026 4.45347e-06
-0.000121365 -0.000291924 4.46356e-06
-0.000121653 -0.000292824 4.47365e-06
-0.000121942 -0.000293724 4.48375e-06
-0.000122231 -0.000294626 4.49386e-06
-0.00012252 -0.00029553 4.50398e-06
-0.000122809 -0.000296434 4.5141e-06
-0.000123098 -0.00029734 4.52424e-06
-0.000123388 -0.000298247 4.53438e-06
-0.000123677 -0.000299156 4.54453e-06
-0.000123966 -0.000300066 4.55469e-06
-0.000124256 -0.000300977 4.56486e-06
-0.000124545 -0.000301889 4.57504e-06
-0.000124835 -0.000302803 4.58522e-06
-0.000125124 -0.000303718 4.59542e-06
-0.000125414 -0.000304634 4.60563e-06
-0.000125704 -0.000305551 4.61584e-06
-0.000125993 -0.00030647 4.62607e-06
-0.000126283 -0.00030739 4.6363e-06
-0.000126573 -0.000308312 4.64655e-06
-0.000126863 -0.000309234 4.65681e-06
-0.000127153 -0.000310158 4.66707e-06
-0.000127443 -0.000311084 4.67735e-06
-0.000127734 -0.00031201 4.68764e-06
-0.000128024 -0.000312938 4.69794e-06
-0.000128314 -0.000313867 4.70825e-06
-0.000128605 -0.000314797 4.71857e-06
-0.000128896 -0.000315729 4.7289e-06
-0.000129186 -0.000316662 4.73925e-06
-0.000129477 -0.000317596 4.7496e-06
-0.000129768 -0.000318531 4.75997e-06
-0.000130059 -0.000319468 4.77035e-06
-0.00013035 -0.000320406 4.78075e-06
-0.000130641 -0.000321345 4.79115e-06
-0.000130932 -0.000322286 4.80157e-06
-0.000131223 -0.000323228 4.812e-06
-0.000131514 -0.000324171 4.82244e-06
-0.000131806 -0.000325115 4.8329e-06
-0.000132097 -0.000326061 4.84337e-06
-0.000132389 -0.000327008 4.85385e-06
-0.00013268 -0.000327956 4.86435e-06
-0.000132972 -0.000328906 4.87486e-06
-0.000133264 -0.000329856 4.88538e-06
-0.000133556 -0.000330808 4.89592e-06
-0.000133848 -0.000331762 4.90647e-06
-0.00013414 -0.000332716 4.91704e-06
-0.000134432 -0.000333672 4.92762e-06
-0.000134725 -0.000334629 4.93822e-06
-0.000135017 -0.000335587 4.94883e-06
-0.000135309 -0.000336547 4.95945e-06
-0.000135602 -0.000337508 4.97009e-06
-0.000135895 -0.00033847 4.98075e-06
-0.000136188 -0.000339434 4.99142e-06
-0.00013648 -0.000340398 5.00211e-06
-0.000136773 -0.000341364 5.01281e-06
-0.000137067 -0.000342331 5.02353e-06
-0.00013736 -0.0003433 5.03426e-06
-0.000137653 -0.00034427 5.04501e-06
-0.000137947 -0.000345241 5.05578e-06
-0.00013824 -0.000346213 5.06656e-06
-0.000138534 -0.000347187 5.07736e-06
-0.000138827 -0.000348161 5.08817e-06
-0.000139121 -0.000349137 5.099e-06
-0.000139415 -0.000350115 5.10985e-06
-0.000139709 -0.000351093 5.12072e-06
-0.000140004 -0.000352073 5.1316e-06
-0.000140298 -0.000353055 5.14251e-06
-0.000140592 -0.000354037 5.15342e-06
-0.000140887 -0.000355021 5.16436e-06
-0.000141181 -0.000356006 5.17531e-06
-0.000141476 -0.000356992 5.18629e-06
-0.000141771 -0.000357979 5.19728e-06
-0.000142066 -0.000358968 5.20828e-06
-0.000142361 -0.000359958 5.21931e-06
-0.000142656 -0.000360949 5.23035e-06
-0.000142952 -0.000361942 5.24142e-06
-0.000143247 -0.000362936 5.2525e-06
-0.000143543 -0.000363931 5.2636e-06
-0.000143839 -0.000364927 5.27472e-06
-0.000144135 -0.000365925 5.28586e-06
-0.000144431 -0.000366924 5.29702e-06
-0.000144727 -0.000367924 5.30819e-06
-0.000145023 -0.000368926 5.31939e-06
-0.000145319 -0.000369928 5.3306e-06
-0.000145616 -0.000370932 5.34184e-06
-0.000145912 -0.000371938 5.35309e-06
-0.000146209 -0.000372944 5.36437e-06
-0.000146506 -0.000373952 5.37566e-06
-0.000146803 -0.000374961 5.38698e-06
-0.0001471 -0.000375972 5.39831e-06
-0.000147398 -0.000376983 5.40967e-06
-0.000147695 -0.000377996 5.42104e-06
-0.000147993 -0.000379011 5.43244e-06
-0.00014829 -0.000380026 5.44385e-06
-0.000148588 -0.000381043 5.45529e-06
-0.000148886 -0.000382061 5.46674e-06
-0.000149184 -0.000383081 5.47822e-06
-0.000149483 -0.000384101 5.48972e-06
-0.000149781 -0.000385123 5.50124e-06
-0.00015008 -0.000386146 5.51278e-06
-0.000150378 -0.000387171 5.52434e-06
-0.000150677 -0.000388197 5.53592e-06
-0.000150976 -0.000389224 5.54753e-06
-0.000151275 -0.000390252 5.55915e-06
-0.000151575 -0.000391282 5.5708e-06
-0.000151874 -0.000392313 5.58246e-06
-0.000152174 -0.000393345 5.59415e-06
-0.000152474 -0.000394379 5.60586e-06
-0.000152773 -0.000395414 5.61759e-06
-0.000153073 -0.00039645 5.62935e-06
-0.000153374 -0.000397487 5.64112e-06
-0.000153674 -0.000398526 5.65292e-06
-0.000153974 -0.000399566 5.66473e-06
-0.000154275 -0.000400607 5.67657e-06
-0.000154576 -0.00040165 5.68844e-06
-0.000154877 -0.000402694 5.70032e-06
-0.000155178 -0.000403739 5.71223e-06
-0.000155479 -0.000404786 5.72415e-06
-0.000155781 -0.000405834 5.7361e-06
-0.000156082 -0.000406883 5.74807e-06
-0.000156384 -0.000407934 5.76007e-06
-0.000156686 -0.000408985 5.77208e-06
-0.000156988 -0.000410039 5.78412e-06
-0.00015729 -0.000411093 5.79618e-06
-0.000157592 -0.000412149 5.80826e-06
-0.000157895 -0.000413206 5.82037e-06
-0.000158197 -0.000414264 5.83249e-06
-0.0001585 -0.000415324 5.84464e-06
-0.000158803 -0.000416385 5.85681e-06
-0.000159106 -0.000417448 5.869e-06
-0.00015941 -0.000418511 5.88122e-06
-0.000159713 -0.000419576 5.89345e-06
-0.000160017 -0.000420643 5.90571e-06
-0.00016032 -0.00042171 5.91799e-06
-0.000160624 -0.000422779 5.9303e-06
-0.000160928 -0.00042385 5.94262e-06
-0.000161233 -0.000424922 5.95497e-06
-0.000161537 -0.000425995 5.96734e-06
-0.000161842 -0.000427069 5.97973e-06
-0.000162146 -0.000428145 5.99215e-06
-0.000162451 -0.000429222 6.00458e-06
-0.000162756 -0.0004303 6.01704e-06
-0.000163061 -0.00043138 6.02952e-06
-0.000163367 -0.000432461 6.04203e-06
-0.000163672 -0.000433544 6.05455e-06
-0.000163978 -0.000434627 6.0671e-06
-0.000164284 -0.000435712 6.07967e-06
-0.00016459 -0.000436799 6.09226e-06
-0.000164896 -0.000437887 6.10487e-06
-0.000165202 -0.000438976 6.1175e-06
-0.000165509 -0.000440067 6.13016e-06
-0.000165815 -0.000441159 6.14284e-06
-0.000166122 -0.000442252 6.15553e-06
-0.000166429 -0.000443347 6.16826e-06
-0.000166736 -0.000444443 6.181e-06
-0.000167043 -0.00044554 6.19376e-06
-0.000167351 -0.000446639 6.20655e-06
-0.000167658 -0.000447739 6.21935e-06
-0.000167966 -0.00044884 6.23218e-06
-0.000168274 -0.000449943 6.24503e-06
-0.000168582 -0.000451048 6.2579e-06
-0.00016889 -0.000452153 6.27079e-06
-0.000169198 -0.00045326 6.28371e-06
-0.000169507 -0.000454369 6.29664e-06
-0.000169815 -0.000455479 6.3096e-06
-0.000170124 -0.00045659 6.32257e-06
-0.000170433 -0.000457702 6.33557e-06
-0.000170742 -0.000458816 6.34858e-06
-0.000171051 -0.000459932 6.36162e-06
-0.000171361 -0.000461048 6.37468e-06
-0.00017167 -0.000462166 6.38776e-06
-0.00017198 -0.000463286 6.40086e-06
-0.00017229 -0.000464407 6.41398e-06
-0.0001726 -0.000465529 6.42712e-06
-0.00017291 -0.000466653 6.44028e-06
-0.00017322 -0.000467778 6.45346e-06
-0.00017353 -0.000468905 6.46666e-06
-0.000173841 -0.000470033 6.47988e-06
-0.000174151 -0.000471162 6.49312e-06
-0.000174462 -0.000472293 6.50637e-06
-0.000174773 -0.000473425 6.51965e-06
-0.000175084 -0.000474558 6.53295e-06
-0.000175395 -0.000475693 6.54627e-06
-0.000175707 -0.00047683 6.5596e-06
-0.000176018 -0.000477968 6.57296e-06
-0.00017633 -0.000479107 6.58633e-06
-0.000176642 -0.000480248 6.59973e-06
-0.000176954 -0.00048139 6.61314e-06
-0.000177266 -0.000482533 6.62657e-06
-0.000177578 -0.000483678 6.64002e-06
-0.00017789 -0.000484825 6.65348e-06
-0.000178202 -0.000485973 6.66697e-06
-0.000178515 -0.000487122 6.68047e-06
-0.000178827 -0.000488272 6.694e-06
-0.00017914 -0.000489425 6.70754e-06
-0.000179453 -0.000490578 6.72109e-06
-0.000179766 -0.000491733 6.73467e-06
-0.000180079 -0.00049289 6.74826e-06
-0.000180392 -0.000494047 6.76187e-06
-0.000180706 -0.000495207 6.7755e-06
-0.000181019 -0.000496368 6.78914e-06
-0.000181333 -0.00049753 6.8028e-06
-0.000181647 -0.000498693 6.81648e-06
-0.00018196 -0.000499859 6.83018e-06
-0.000182274 -0.000501025 6.84389e-06
-0.000182588 -0.000502193 6.85762e-06
-0.000182902 -0.000503363 6.87136e-06
-0.000183217 -0.000504533 6.88512e-06
-0.000183531 -0.000505706 6.8989e-06
-0.000183845 -0.00050688 6.91269e-06
-0.00018416 -0.000508055 6.9265e-06
-0.000184474 -0.000509232 6.94033e-06
-0.000184789 -0.00051041 6.95417e-06
-0.000185104 -0.00051159 6.96802e-06
-0.000185419 -0.000512771 6.98189e-06
-0.000185734 -0.000513953 6.99578e-06
-0.000186049 -0.000515137 7.00968e-06
-0.000186364 -0.000516323 7.02359e-06
-0.000186679 -0.00051751 7.03752e-06
-0.000186995 -0.000518699 7.05147e-06
-0.00018731 -0.000519889 7.06543e-06
-0.000187625 -0.00052108 7.0794e-06
-0.000187941 -0.000522273 7.09339e-06
-0.000188257 -0.000523467 7.10739e-06
-0.000188572 -0.000524663 7.1214e-06
-0.000188888 -0.00052586 7.13543e-06
-0.000189204 -0.000527059 7.14947e-06
-0.00018952 -0.00052826 7.16353e-06
-0.000189836 -0.000529461 7.1776e-06
-0.000190152 -0.000530665 7.19168e-06
-0.000190468 -0.000531869 7.20577e-06
-0.000190784 -0.000533076 7.21988e-06
-0.0001911 -0.000534283 7.234e-06
-0.000191416 -0.000535493 7.24813e-06
-0.000191733 -0.000536703 7.26228e-06
-0.000192049 -0.000537915 7.27643e-06
-0.000192365 -0.000539129 7.2906e-06
-0.000192682 -0.000540344 7.30478e-06
-0.000192998 -0.000541561 7.31898e-06
-0.000193315 -0.000542779 7.33318e-06
-0.000193631 -0.000543999 7.3474e-06
-0.000193948 -0.00054522 7.36162e-06
-0.000194265 -0.000546442 7.37586e-06
-0.000194581 -0.000547666 7.39011e-06
-0.000194898 -0.000548892 7.40437e-06
-0.000195215 -0.000550119 7.41864e-06
-0.000195532 -0.000551348 7.43292e-06
-0.000195848 -0.000552578 7.44722e-06
-0.000196165 -0.00055381 7.46152e-06
-0.000196482 -0.000555043 7.47583e-06
-0.000196799 -0.000556277 7.49015e-06
-0.000197116 -0.000557513 7.50448e-06
-0.000197433 -0.000558751 7.51883e-06
-0.00019775 -0.00055999 7.53318e-06
-0.000198066 -0.000561231 7.54754e-06
-0.000198383 -0.000562473 7.56191e-06
-0.0001987 -0.000563716 7.57629e-06
-0.000199017 -0.000564961 7.59068e-06
-0.000199334 -0.000566208 7.60507e-06
-0.000199651 -0.000567456 7.61948e-06
-0.000199968 -0.000568706 7.6339e-06
-0.000200285 -0.000569957 7.64832e-06
-0.000200602 -0.000571209 7.66275e-06
-0.000200918 -0.000572464 7.67719e-06
-0.000201235 -0.000573719 7.69164e-06
-0.000201552 -0.000574976 7.70609e-06
-0.000201869 -0.000576235 7.72056e-06
-0.000202186 -0.000577495 7.73503e-06
-0.000202503 -0.000578757 7.74951e-06
-0.000202819 -0.00058002 7.76399e-06
-0.000203136 -0.000581285 7.77849e-06
-0.000203453 -0.000582551 7.79299e-06
-0.000203769 -0.000583818 7.8075e-06
-0.000204086 -0.000585088 7.82201e-06
-0.000204402 -0.000586358 7.83653e-06
-0.000204719 -0.00058763 7.85106e-06
-0.000205036 -0.000588904 7.8656e-06
-0.000205352 -0.000590179 7.88014e-06
-0.000205668 -0.000591456 7.89468e-06
-0.000205985 -0.000592734 7.90924e-06
-0.000206301 -0.000594014 7.9238e-06
-0.000206617 -0.000595295 7.93836e-06
-0.000206933 -0.000596578 7.95294e-06
-0.00020725 -0.000597862 7.96751e-06
-0.000207566 -0.000599148 7.9821e-06
-0.000207882 -0.000600435 7.99668e-06
-0.000208198 -0.000601724 8.01128e-06
-0.000208513 -0.000603014 8.02588e-06
-0.000208829 -0.000604306 8.04048e-06
-0.000209145 -0.000605599 8.05509e-06
-0.000209461 -0.000606894 8.0697e-06
-0.000209776 -0.00060819 8.08432e-06
-0.000210092 -0.000609488 8.09895e-06
-0.000210407 -0.000610787 8.11357e-06
-0.000210722 -0.000612088 8.12821e-06
-0.000211038 -0.00061339 8.14284e-06
-0.000211353 -0.000614694 8.15748e-06
-0.000211668 -0.000615999 8.17213e-06
-0.000211983 -0.000617306 8.18678e-06
