0.0228916 -0.460032 -0.0396909
0.031083 -0.458903 -0.04035
0.0392621 -0.45759 -0.0409931
0.0474254 -0.456094 -0.0416198
0.0555698 -0.454416 -0.0422298
0.063692 -0.452557 -0.042823
0.0717888 -0.450516 -0.043399
0.0798568 -0.448296 -0.0439578
0.087893 -0.445897 -0.0444989
0.0958941 -0.443319 -0.0450223
0.103857 -0.440565 -0.0455277
0.111778 -0.437634 -0.0460149
0.119655 -0.434528 -0.0464837
0.127483 -0.431249 -0.046934
0.135261 -0.427798 -0.0473655
0.142985 -0.424176 -0.047778
0.150652 -0.420384 -0.0481715
0.158258 -0.416424 -0.0485458
0.165801 -0.412298 -0.0489006
0.173278 -0.408007 -0.0492359
0.180686 -0.403553 -0.0495515
0.188022 -0.398938 -0.0498474
0.195282 -0.394164 -0.0501233
0.202465 -0.389232 -0.0503792
0.209566 -0.384144 -0.050615
0.216584 -0.378903 -0.0508305
0.223515 -0.373511 -0.0510257
0.230357 -0.367969 -0.0512006
0.237107 -0.362281 -0.051355
0.243763 -0.356448 -0.0514889
0.25032 -0.350472 -0.0516022
0.256778 -0.344356 -0.0516949
0.263133 -0.338103 -0.0517669
0.269384 -0.331714 -0.0518182
0.275526 -0.325193 -0.0518489
0.281558 -0.318543 -0.0518588
0.287478 -0.311765 -0.051848
0.293283 -0.304862 -0.0518165
0.298971 -0.297837 -0.0517643
0.30454 -0.290694 -0.0516915
0.309986 -0.283434 -0.0515979
0.315309 -0.276061 -0.0514838
0.320506 -0.268578 -0.051349
0.325575 -0.260988 -0.0511938
0.330514 -0.253293 -0.0510181
0.33532 -0.245497 -0.050822
0.339993 -0.237603 -0.0506057
0.34453 -0.229614 -0.0503691
0.348929 -0.221534 -0.0501124
0.353189 -0.213365 -0.0498356
0.357308 -0.20511 -0.049539
0.361284 -0.196774 -0.0492225
0.365116 -0.188359 -0.0488864
0.368801 -0.179869 -0.0485308
0.37234 -0.171306 -0.0481557
0.37573 -0.162676 -0.0477614
0.378969 -0.15398 -0.0473481
0.382057 -0.145223 -0.0469158
0.384993 -0.136408 -0.0464648
0.387774 -0.127539 -0.0459952
0.390401 -0.118618 -0.0455073
0.392872 -0.10965 -0.0450011
0.395186 -0.100639 -0.044477
0.397342 -0.0915868 -0.0439351
0.399339 -0.0824983 -0.0433757
0.401176 -0.0733769 -0.0427989
0.402854 -0.0642261 -0.042205
0.40437 -0.0550497 -0.0415943
0.405725 -0.0458513 -0.0409669
0.406918 -0.0366346 -0.0403232
0.407948 -0.0274032 -0.0396634
0.408815 -0.0181609 -0.0389877
0.409519 -0.00891131 -0.0382965
0.410059 0.000341807 -0.0375899
0.410435 0.00959479 -0.0368683
0.410648 0.0188439 -0.036132
0.410696 0.0280856 -0.0353813
0.41058 0.0373159 -0.0346164
0.4103 0.0465314 -0.0338377
0.409857 0.0557283 -0.0330455
0.409249 0.0649029 -0.0322401
0.408478 0.0740516 -0.0314218
0.407544 0.0831707 -0.0305909
0.406447 0.0922566 -0.0297478
0.405187 0.101306 -0.0288929
0.403766 0.110314 -0.0280263
0.402183 0.119279 -0.0271486
0.40044 0.128195 -0.0262601
0.398537 0.137061 -0.025361
0.396474 0.145872 -0.0244518
0.394253 0.154624 -0.0235329
0.391875 0.163315 -0.0226045
0.38934 0.17194 -0.0216672
0.386649 0.180497 -0.0207211
0.383804 0.188982 -0.0197668
0.380806 0.197391 -0.0188046
0.377655 0.205721 -0.0178349
0.374354 0.213969 -0.016858
0.370903 0.222132 -0.0158744
0.367304 0.230206 -0.0148845
0.363558 0.238188 -0.0138886
0.359667 0.246075 -0.0128872
0.355632 0.253863 -0.0118806
0.351455 0.26155 -0.0108693
0.347137 0.269132 -0.00985359
0.342681 0.276607 -0.00883399
0.338088 0.283972 -0.00781086
0.33336 0.291223 -0.0067846
0.328499 0.298357 -0.00575564
0.323506 0.305373 -0.00472437
0.318385 0.312266 -0.00369122
0.313136 0.319035 -0.00265659
0.307762 0.325676 -0.00162091
0.302264 0.332187 -0.00058457
0.296647 0.338565 0.000451999
0.29091 0.344808 0.00148839
0.285058 0.350913 0.00252418
0.279091 0.356879 0.00355897
0.273013 0.362701 0.00459233
0.266826 0.368379 0.00562386
0.260533 0.373909 0.00665315
0.254135 0.37929 0.00767977
0.247636 0.384519 0.00870333
0.241037 0.389595 0.00972341
0.234343 0.394515 0.0107396
0.227555 0.399278 0.0117515
0.220676 0.403881 0.0127587
0.213708 0.408323 0.0137608
0.206656 0.412601 0.0147574
0.199521 0.416715 0.0157482
0.192306 0.420662 0.0167326
0.185014 0.424441 0.0177103
0.177648 0.42805 0.018681
0.170212 0.431489 0.0196442
0.162707 0.434755 0.0205995
0.155137 0.437847 0.0215467
0.147506 0.440765 0.0224852
0.139815 0.443506 0.0234147
0.132069 0.44607 0.0243349
0.12427 0.448456 0.0252453
0.116421 0.450663 0.0261457
0.108525 0.452689 0.0270356
0.100587 0.454535 0.0279147
0.0926078 0.456199 0.0287827
0.0845919 0.457681 0.0296392
0.0765421 0.45898 0.0304838
0.0684618 0.460096 0.0313162
0.0603542 0.461028 0.0321362
0.0522224 0.461775 0.0329433
0.0440698 0.462338 0.0337372
0.0358995 0.462717 0.0345177
0.0277149 0.46291 0.0352843
0.0195193 0.462919 0.0360369
0.0113158 0.462743 0.0367751
0.00310779 0.462381 0.0374985
-0.00510145 0.461835 0.038207
-0.0133087 0.461105 0.0389003
-0.0215105 0.46019 0.039578
-0.0297038 0.459091 0.0402398
-0.0378853 0.457809 0.0408856
-0.0460516 0.456344 0.0415151
-0.0541995 0.454697 0.042128
-0.0623257 0.452868 0.042724
-0.0704271 0.450858 0.043303
-0.0785003 0.448668 0.0438647
-0.0865421 0.446299 0.0444088
-0.0945494 0.443751 0.0449352
-0.102519 0.441026 0.0454437
-0.110447 0.438125 0.045934
-0.118332 0.435049 0.0464059
-0.126169 0.431799 0.0468593
-0.133956 0.428376 0.047294
-0.141689 0.424783 0.0477098
-0.149366 0.421019 0.0481065
-0.156983 0.417088 0.048484
-0.164537 0.412989 0.0488422
-0.172025 0.408726 0.0491808
-0.179445 0.404299 0.0494998
-0.186793 0.399711 0.049799
-0.194067 0.394963 0.0500783
-0.201263 0.390058 0.0503376
-0.208378 0.384996 0.0505768
-0.21541 0.379781 0.0507957
-0.222357 0.374414 0.0509944
-0.229214 0.368897 0.0511727
-0.23598 0.363233 0.0513306
-0.242651 0.357424 0.0514679
-0.249226 0.351472 0.0515847
-0.255701 0.345379 0.0516809
-0.262074 0.339149 0.0517564
-0.268342 0.332783 0.0518113
-0.274503 0.326284 0.0518455
-0.280554 0.319655 0.0518589
-0.286493 0.312898 0.0518516
-0.292318 0.306016 0.0518236
-0.298026 0.299011 0.0517749
-0.303615 0.291888 0.0517055
-0.309082 0.284647 0.0516155
-0.314426 0.277293 0.0515048
-0.319645 0.269828 0.0513736
-0.324736 0.262255 0.0512218
-0.329697 0.254578 0.0510496
-0.334526 0.246799 0.050857
-0.339222 0.238921 0.050644
-0.343782 0.230947 0.0504108
-0.348205 0.222882 0.0501575
-0.352488 0.214727 0.0498842
-0.356631 0.206487 0.0495909
-0.360631 0.198164 0.0492778
-0.364488 0.189762 0.048945
-0.368198 0.181284 0.0485926
-0.371762 0.172733 0.0482209
-0.375177 0.164114 0.0478299
-0.378442 0.155429 0.0474197
-0.381556 0.146681 0.0469906
-0.384518 0.137876 0.0465428
-0.387325 0.129015 0.0460763
-0.389979 0.120102 0.0455915
-0.392476 0.111142 0.0450884
-0.394816 0.102137 0.0445673
-0.396999 0.0930916 0.0440284
-0.399023 0.0840087 0.043472
-0.400888 0.0748923 0.0428981
-0.402593 0.0657459 0.0423071
-0.404137 0.0565733 0.0416992
-0.405519 0.0473781 0.0410747
-0.406739 0.0381639 0.0404337
-0.407797 0.0289344 0.0397766
-0.408692 0.0196934 0.0391036
-0.409424 0.0104445 0.0384149
-0.409992 0.00119141 0.037711
-0.410396 -0.00806217 0.0369919
-0.410636 -0.0173125 0.0362581
-0.410712 -0.026556 0.0355098
-0.410624 -0.0357889 0.0347473
-0.410372 -0.0450074 0.0339709
-0.409957 -0.0542081 0.0331809
-0.409377 -0.063387 0.0323777
-0.408634 -0.0725407 0.0315616
-0.407727 -0.0816654 0.0307328
-0.406658 -0.0907574 0.0298918
-0.405426 -0.0998133 0.0290388
-0.404032 -0.108829 0.0281743
-0.402477 -0.117802 0.0272984
-0.400761 -0.126727 0.0264117
-0.398885 -0.135602 0.0255144
-0.396849 -0.144423 0.0246069
-0.394655 -0.153186 0.0236896
-0.392303 -0.161887 0.0227628
-0.389795 -0.170524 0.0218269
-0.387131 -0.179093 0.0208823
-0.384312 -0.187591 0.0199294
-0.38134 -0.196013 0.0189685
-0.378215 -0.204358 0.018
-0.374939 -0.21262 0.0170243
-0.371513 -0.220798 0.0160419
-0.367939 -0.228887 0.015053
-0.364218 -0.236885 0.0140581
-0.360352 -0.244789 0.0130576
-0.356341 -0.252594 0.0120518
-0.352188 -0.260299 0.0110413
-0.347895 -0.2679 0.0100263
-0.343462 -0.275394 0.00900739
-0.338892 -0.282777 0.00798483
-0.334187 -0.290048 0.00695908
-0.329348 -0.297203 0.00593055
-0.324378 -0.304239 0.00489966
-0.319278 -0.311154 0.0038668
-0.314051 -0.317944 0.0028324
-0.308698 -0.324607 0.00179687
-0.303222 -0.331141 0.000760624
-0.297624 -0.337542 -0.000275928
-0.291908 -0.343809 -0.00131237
-0.286075 -0.349938 -0.00234829
-0.280128 -0.355927 -0.00338326
-0.274069 -0.361774 -0.00441689
-0.2679 -0.367477 -0.00544875
-0.261625 -0.373033 -0.00647844
-0.255245 -0.37844 -0.00750553
-0.248763 -0.383695 -0.00852963
-0.242181 -0.388798 -0.00955032
-0.235503 -0.393745 -0.0105672
-0.228731 -0.398534 -0.0115798
-0.221867 -0.403165 -0.0125879
-0.214915 -0.407634 -0.0135909
-0.207877 -0.411941 -0.0145884
-0.200755 -0.416083 -0.0155802
-0.193554 -0.420059 -0.0165657
-0.186275 -0.423867 -0.0175446
-0.178922 -0.427506 -0.0185164
-0.171497 -0.430974 -0.0194809
-0.164004 -0.434269 -0.0204376
-0.156446 -0.437392 -0.0213861
-0.148824 -0.440339 -0.0223261
-0.141144 -0.443111 -0.0232572
-0.133407 -0.445706 -0.024179
-0.125617 -0.448122 -0.0250911
-0.117776 -0.45036 -0.0259932
-0.109889 -0.452417 -0.0268849
-0.101957 -0.454294 -0.0277659
-0.093985 -0.45599 -0.0286357
-0.0859754 -0.457503 -0.0294942
-0.0779314 -0.458833 -0.0303408
-0.0698562 -0.45998 -0.0311753
-0.0617532 -0.460944 -0.0319974
-0.0536255 -0.461723 -0.0328067
-0.0454764 -0.462318 -0.0336028
-0.0373091 -0.462728 -0.0343856
-0.0291269 -0.462953 -0.0351546
-0.0209331 -0.462994 -0.0359096
-0.012731 -0.462849 -0.0366502
-0.00452376 -0.46252 -0.0373761
0.00368526 -0.462005 -0.0380872
0.0118928 -0.461307 -0.038783
0.0200956 -0.460423 -0.0394633
0.0282903 -0.459356 -0.0401279
0.0364738 -0.458106 -0.0407764
0.0446426 -0.456672 -0.0414087
0.0527936 -0.455056 -0.0420244
0.0609235 -0.453258 -0.0426233
0.0690291 -0.45128 -0.0432051
0.077107 -0.44912 -0.0437697
0.0851542 -0.446782 -0.0443169
0.0931673 -0.444265 -0.0448463
0.101143 -0.44157 -0.0453578
0.109079 -0.438699 -0.0458511
0.11697 -0.435653 -0.0463262
0.124816 -0.432433 -0.0467827
0.132611 -0.42904 -0.0472206
0.140353 -0.425476 -0.0476396
0.148039 -0.421742 -0.0480395
0.155666 -0.417839 -0.0484203
0.163231 -0.413769 -0.0487817
0.170731 -0.409534 -0.0491236
0.178162 -0.405136 -0.0494459
0.185522 -0.400575 -0.0497485
0.192808 -0.395855 -0.0500311
0.200017 -0.390976 -0.0502938
0.207146 -0.385941 -0.0505364
0.214192 -0.380752 -0.0507588
0.221153 -0.375411 -0.0509609
0.228025 -0.369921 -0.0511426
0.234807 -0.364282 -0.0513039
0.241494 -0.358498 -0.0514448
0.248085 -0.35257 -0.051565
0.254577 -0.346502 -0.0516647
0.260967 -0.340295 -0.0517437
0.267252 -0.333952 -0.0518021
0.273431 -0.327476 -0.0518397
0.279501 -0.32087 -0.0518566
0.285459 -0.314135 -0.0518529
0.291303 -0.307274 -0.0518283
0.297031 -0.300291 -0.0517831
0.30264 -0.293188 -0.0517172
0.308128 -0.285967 -0.0516307
0.313492 -0.278633 -0.0515235
0.318732 -0.271187 -0.0513957
0.323844 -0.263633 -0.0512474
0.328827 -0.255973 -0.0510786
0.333678 -0.248212 -0.0508894
0.338397 -0.240351 -0.0506799
0.342979 -0.232394 -0.0504501
0.347425 -0.224345 -0.0502002
0.351732 -0.216205 -0.0499302
0.355899 -0.20798 -0.0496403
0.359923 -0.199671 -0.0493305
0.363804 -0.191283 -0.049001
0.367539 -0.182818 -0.048652
0.371127 -0.17428 -0.0482835
0.374567 -0.165673 -0.0478957
0.377857 -0.156999 -0.0474888
0.380996 -0.148263 -0.0470629
0.383983 -0.139467 -0.0466181
0.386817 -0.130616 -0.0461548
0.389496 -0.121713 -0.0456731
0.39202 -0.112761 -0.045173
0.394386 -0.103764 -0.044655
0.396596 -0.0947258 -0.0441191
0.398646 -0.0856496 -0.0435655
0.400538 -0.0765393 -0.0429946
0.402269 -0.0673984 -0.0424065
0.40384 -0.0582306 -0.0418014
0.405249 -0.0490395 -0.0411796
0.406497 -0.039829 -0.0405414
0.407582 -0.0306025 -0.039887
0.408504 -0.0213638 -0.0392167
0.409263 -0.0121167 -0.0385306
0.409858 -0.00286469 -0.0378292
0.41029 0.00638839 -0.0371127
0.410558 0.0156389 -0.0363813
0.410661 0.0248831 -0.0356354
0.410601 0.0341173 -0.0348753
0.410376 0.0433379 -0.0341012
0.409988 0.0525411 -0.0333135
0.409435 0.0617233 -0.0325125
0.408719 0.0708808 -0.0316985
0.40784 0.08001 -0.0308719
0.406798 0.0891071 -0.0300329
0.405593 0.0981687 -0.0291819
0.404227 0.107191 -0.0283192
0.402698 0.11617 -0.0274453
0.401009 0.125103 -0.0265603
0.39916 0.133986 -0.0256648
0.397151 0.142816 -0.024759
0.394983 0.151588 -0.0238433
0.392657 0.160299 -0.0229181
0.390175 0.168947 -0.0219837
0.387537 0.177527 -0.0210405
0.384744 0.186036 -0.020089
0.381797 0.194471 -0.0191294
0.378697 0.202828 -0.0181621
0.375447 0.211104 -0.0171876
0.372046 0.219295 -0.0162063
0.368497 0.227399 -0.0152184
0.3648 0.235412 -0.0142245
0.360958 0.243331 -0.0132249
0.356971 0.251153 -0.01222
0.352842 0.258874 -0.0112102
0.348571 0.266492 -0.010196
0.344162 0.274003 -0.00917767
0.339615 0.281405 -0.00815568
0.334932 0.288694 -0.00713043
0.330115 0.295868 -0.00610233
0.325167 0.302924 -0.00507179
0.320088 0.309858 -0.00403922
0.314882 0.316669 -0.00300504
0.30955 0.323353 -0.00196965
0.304094 0.329908 -0.000933483
0.298516 0.336331 0.000103062
0.29282 0.34262 0.00113957
0.287006 0.348772 0.00217562
0.281078 0.354784 0.0032108
0.275037 0.360655 0.0042447
0.268886 0.366381 0.0052769
0.262628 0.371961 0.006307
0.256265 0.377393 0.00733457
0.2498 0.382673 0.00835922
0.243235 0.387801 0.00938053
0.236572 0.392773 0.0103981
0.229815 0.397589 0.0114115
0.222966 0.402246 0.0124204
0.216028 0.406742 0.0134242
0.209004 0.411075 0.0144228
0.201896 0.415245 0.0154155
0.194708 0.419248 0.0164021
0.187442 0.423084 0.0173822
0.180101 0.42675 0.0183553
0.172687 0.430246 0.0193211
0.165205 0.43357 0.0202791
0.157657 0.436721 0.0212291
0.150046 0.439698 0.0221706
0.142375 0.442498 0.0231032
0.134647 0.445122 0.0240266
0.126865 0.447568 0.0249404
0.119032 0.449835 0.0258442
0.111152 0.451922 0.0267377
0.103227 0.453829 0.0276205
0.0952615 0.455554 0.0284923
0.0872575 0.457097 0.0293527
0.0792187 0.458458 0.0302014
0.0711482 0.459635 0.031038
0.0630492 0.460629 0.0318622
0.054925 0.461439 0.0326737
0.0467789 0.462064 0.0334721
0.038614 0.462504 0.0342572
0.0304337 0.46276 0.0350286
0.0222412 0.462831 0.0357859
0.0140398 0.462717 0.036529
0.00583282 0.462417 0.0372575
-0.00237656 0.461934 0.0379711
-0.010585 0.461265 0.0386695
-0.0187893 0.460412 0.0393525
-0.026986 0.459375 0.0400198
-0.035172 0.458155 0.0406711
-0.043344 0.456751 0.0413061
-0.0514987 0.455165 0.0419246
-0.0596328 0.453397 0.0425264
-0.0677432 0.451448 0.0431112
-0.0758264 0.449318 0.0436787
-0.0838795 0.447009 0.0442288
-0.091899 0.444521 0.0447613
-0.0998818 0.441856 0.0452758
-0.107825 0.439014 0.0457723
-0.115725 0.435996 0.0462505
-0.123578 0.432804 0.0467102
-0.131383 0.42944 0.0471512
-0.139135 0.425903 0.0475734
-0.146831 0.422197 0.0479766
-0.154469 0.418321 0.0483607
-0.162045 0.414279 0.0487254
-0.169556 0.410071 0.0490706
-0.176999 0.405699 0.0493963
-0.184372 0.401165 0.0497022
-0.191671 0.39647 0.0499883
-0.198894 0.391617 0.0502543
-0.206037 0.386608 0.0505003
-0.213098 0.381444 0.0507262
-0.220074 0.376128 0.0509317
-0.226962 0.370661 0.0511169
-0.233759 0.365046 0.0512817
-0.240463 0.359285 0.051426
-0.247071 0.353381 0.0515498
-0.25358 0.347335 0.051653
-0.259988 0.341151 0.0517355
-0.266292 0.33483 0.0517974
-0.27249 0.328375 0.0518385
-0.278579 0.321789 0.051859
-0.284556 0.315075 0.0518587
-0.29042 0.308234 0.0518377
-0.296168 0.301271 0.0517961
-0.301798 0.294187 0.0517337
-0.307307 0.286985 0.0516506
-0.312693 0.279668 0.0515469
-0.317954 0.27224 0.0514227
-0.323089 0.264703 0.0512778
-0.328094 0.25706 0.0511125
-0.332968 0.249315 0.0509268
-0.33771 0.241469 0.0507207
-0.342316 0.233528 0.0504944
-0.346786 0.225492 0.0502479
-0.351117 0.217367 0.0499813
-0.355307 0.209155 0.0496947
-0.359356 0.200859 0.0493883
-0.363262 0.192483 0.0490622
-0.367022 0.18403 0.0487165
-0.370636 0.175503 0.0483513
-0.374101 0.166906 0.0479667
-0.377418 0.158242 0.0475631
-0.380583 0.149515 0.0471404
-0.383596 0.140728 0.0466989
-0.386457 0.131885 0.0462387
-0.389162 0.12299 0.04576
-0.391713 0.114045 0.0452631
-0.394107 0.105054 0.0447481
-0.396343 0.0960213 0.0442152
-0.398421 0.0869502 0.0436647
-0.40034 0.0778442 0.0430967
-0.402099 0.0687072 0.0425115
-0.403698 0.0595425 0.0419093
-0.405135 0.0503541 0.0412903
-0.40641 0.0411454 0.0406549
-0.407523 0.0319203 0.0400032
-0.408473 0.0226823 0.0393356
-0.40926 0.0134352 0.0386522
-0.409884 0.00418269 0.0379534
-0.410344 -0.00507158 0.0372394
-0.41064 -0.0143239 0.0365105
-0.410771 -0.0235706 0.0357671
-0.410739 -0.0328079 0.0350094
-0.410543 -0.0420322 0.0342377
-0.410183 -0.0512397 0.0334523
-0.409659 -0.0604269 0.0326535
-0.408971 -0.0695899 0.0318417
-0.40812 -0.0787253 0.0310172
-0.407106 -0.0878293 0.0301803
-0.405929 -0.0968982 0.0293313
-0.40459 -0.105929 0.0284706
-0.403089 -0.114917 0.0275986
-0.401428 -0.123859 0.0267155
-0.399606 -0.132752 0.0258217
-0.397624 -0.141591 0.0249177
-0.395484 -0.150375 0.0240036
-0.393186 -0.159098 0.02308
-0.39073 -0.167758 0.0221472
-0.388119 -0.176351 0.0212055
-0.385352 -0.184873 0.0202553
-0.382432 -0.193322 0.0192971
-0.379359 -0.201694 0.0183311
-0.376134 -0.209985 0.0173579
-0.372759 -0.218192 0.0163776
-0.369235 -0.226312 0.0153909
-0.365564 -0.234342 0.014398
-0.361747 -0.242278 0.0133993
-0.357785 -0.250118 0.0123953
-0.35368 -0.257857 0.0113864
-0.349434 -0.265494 0.0103729
-0.345048 -0.273025 0.00935523
-0.340525 -0.280446 0.00833385
-0.335865 -0.287756 0.00730914
-0.331072 -0.294951 0.00628151
-0.326146 -0.302028 0.00525137
-0.32109 -0.308985 0.00421914
-0.315906 -0.315818 0.00318522
-0.310595 -0.322525 0.00215003
-0.30516 -0.329103 0.00111398
-0.299604 -0.33555 7.74881e-05
-0.293928 -0.341863 -0.000959033
-0.288134 -0.348039 -0.00199517
-0.282226 -0.354076 -0.00303051
-0.276204 -0.359972 -0.00406464
-0.270073 -0.365725 -0.00509714
-0.263833 -0.371331 -0.0061276
-0.257488 -0.376789 -0.00715561
-0.25104 -0.382096 -0.00818077
-0.244492 -0.387251 -0.00920265
-0.237847 -0.392252 -0.0102209
-0.231106 -0.397095 -0.011235
-0.224273 -0.40178 -0.0122446
-0.217351 -0.406305 -0.0132493
-0.210341 -0.410667 -0.0142488
-0.203248 -0.414866 -0.0152425
-0.196074 -0.418898 -0.0162302
-0.188821 -0.422764 -0.0172114
-0.181493 -0.42646 -0.0181857
-0.174092 -0.429987 -0.0191527
-0.166622 -0.433341 -0.0201121
-0.159085 -0.436523 -0.0210634
-0.151485 -0.43953 -0.0220063
-0.143824 -0.442362 -0.0229404
-0.136106 -0.445017 -0.0238654
-0.128334 -0.447494 -0.0247808
-0.12051 -0.449793 -0.0256863
-0.112638 -0.451912 -0.0265816
-0.104721 -0.453851 -0.0274662
-0.0967626 -0.455608 -0.0283399
-0.0887654 -0.457184 -0.0292022
-0.0807328 -0.458576 -0.0300529
-0.0726679 -0.459786 -0.0308915
-0.0645741 -0.460812 -0.0317179
-0.0564545 -0.461654 -0.0325315
-0.0483124 -0.462312 -0.0333321
-0.040151 -0.462785 -0.0341195
-0.0319736 -0.463074 -0.0348931
-0.0237835 -0.463177 -0.0356529
-0.0155839 -0.463095 -0.0363984
-0.00737815 -0.462829 -0.0371294
0.000830525 -0.462378 -0.0378455
0.00903883 -0.461742 -0.0385465
0.0172435 -0.460921 -0.0392321
0.0254412 -0.459917 -0.039902
0.0336287 -0.458729 -0.040556
0.0418028 -0.457358 -0.0411937
0.0499601 -0.455804 -0.0418151
0.0580974 -0.454068 -0.0424197
0.0662114 -0.452151 -0.0430073
0.0742989 -0.450053 -0.0435778
0.0823568 -0.447775 -0.0441309
0.0903817 -0.445319 -0.0446663
0.0983704 -0.442685 -0.0451839
0.10632 -0.439874 -0.0456834
0.114227 -0.436888 -0.0461647
0.122088 -0.433727 -0.0466275
0.1299 -0.430392 -0.0470717
0.137661 -0.426886 -0.0474971
0.145366 -0.42321 -0.0479035
0.153013 -0.419364 -0.0482907
0.160599 -0.415351 -0.0486587
0.168121 -0.411173 -0.0490073
0.175576 -0.40683 -0.0493362
0.18296 -0.402324 -0.0496454
0.190272 -0.397658 -0.0499348
0.197507 -0.392834 -0.0502043
0.204663 -0.387852 -0.0504537
0.211738 -0.382715 -0.0506829
0.218728 -0.377426 -0.0508919
0.22563 -0.371986 -0.0510805
0.232442 -0.366398 -0.0512488
0.239162 -0.360663 -0.0513965
0.245785 -0.354784 -0.0515237
0.252311 -0.348764 -0.0516304
0.258736 -0.342604 -0.0517164
0.265057 -0.336307 -0.0517817
0.271272 -0.329877 -0.0518264
0.277379 -0.323314 -0.0518503
0.283375 -0.316623 -0.0518535
0.289258 -0.309805 -0.051836
0.295025 -0.302863 -0.0517978
0.300674 -0.295801 -0.0517389
0.306203 -0.28862 -0.0516594
0.31161 -0.281325 -0.0515591
0.316892 -0.273917 -0.0514383
0.322047 -0.266399 -0.051297
0.327074 -0.258776 -0.0511351
0.33197 -0.251049 -0.0509528
0.336733 -0.243221 -0.0507501
0.341362 -0.235297 -0.0505272
0.345855 -0.227279 -0.0502841
0.350209 -0.21917 -0.0500209
0.354423 -0.210974 -0.0497377
0.358495 -0.202694 -0.0494346
0.362425 -0.194332 -0.0491118
0.366209 -0.185893 -0.0487693
0.369847 -0.17738 -0.0484074
0.373337 -0.168797 -0.0480261
0.376678 -0.160146 -0.0476256
0.379869 -0.151431 -0.0472061
0.382907 -0.142655 -0.0467678
0.385793 -0.133823 -0.0463107
0.388524 -0.124937 -0.0458352
0.3911 -0.116002 -0.0453413
0.39352 -0.10702 -0.0448293
0.395783 -0.0979961 -0.0442994
0.397887 -0.0889328 -0.0437518
0.399833 -0.079834 -0.0431867
0.401618 -0.0707035 -0.0426044
0.403243 -0.0615449 -0.042005
0.404707 -0.0523618 -0.0413889
0.406009 -0.0431578 -0.0407562
0.407149 -0.0339368 -0.0401073
0.408127 -0.0247023 -0.0394423
0.408941 -0.0154581 -0.0387615
0.409591 -0.00620777 -0.0380653
0.410078 0.0030449 -0.0373538
0.410401 0.0122962 -0.0366274
0.410561 0.0215425 -0.0358864
0.410555 0.0307801 -0.0351311
0.410386 0.0400052 -0.0343617
0.410053 0.0492143 -0.0335786
0.409556 0.0584036 -0.032782
0.408896 0.0675694 -0.0319724
0.408072 0.0767081 -0.03115
0.407084 0.085816 -0.0303151
0.405935 0.0948895 -0.0294682
0.404623 0.103925 -0.0286094
0.403149 0.112919 -0.0277392
0.401514 0.121867 -0.026858
0.399718 0.130767 -0.025966
0.397763 0.139615 -0.0250636
0.395649 0.148406 -0.0241512
0.393377 0.157138 -0.0232292
0.390948 0.165807 -0.0222978
0.388362 0.17441 -0.0213576
0.385621 0.182943 -0.0204088
0.382726 0.191403 -0.0194519
0.379678 0.199786 -0.0184872
0.376478 0.20809 -0.0175151
0.373128 0.21631 -0.016536
0.369629 0.224443 -0.0155504
0.365982 0.232487 -0.0145584
0.362188 0.240437 -0.0135607
0.35825 0.248292 -0.0125576
0.354169 0.256047 -0.0115494
0.349946 0.2637 -0.0105366
0.345584 0.271247 -0.00951963
0.341083 0.278685 -0.00849883
0.336446 0.286013 -0.00747464
0.331674 0.293225 -0.00644745
0.32677 0.300321 -0.00541769
0.321735 0.307296 -0.00438576
0.316572 0.314149 -0.00335208
0.311282 0.320876 -0.00231705
0.305867 0.327474 -0.0012811
0.300331 0.333942 -0.000244637
0.294674 0.340276 0.000791929
0.2889 0.346474 0.00182818
0.28301 0.352533 0.0028637
0.277007 0.358452 0.00389808
0.270893 0.364227 0.00493091
0.264671 0.369856 0.00596177
0.258343 0.375337 0.00699024
0.251912 0.380669 0.00801593
0.24538 0.385848 0.00903841
0.23875 0.390873 0.0100573
0.232025 0.395741 0.0110722
0.225207 0.400452 0.0120826
0.218299 0.405002 0.0130882
0.211304 0.40939 0.0140886
0.204224 0.413615 0.0150833
0.197062 0.417674 0.0160721
0.189822 0.421566 0.0170544
0.182506 0.42529 0.0180299
0.175117 0.428843 0.0189982
0.167657 0.432225 0.0199589
0.160131 0.435434 0.0209117
0.152541 0.438469 0.0218561
0.14489 0.441329 0.0227917
0.13718 0.444012 0.0237183
0.129416 0.446518 0.0246353
0.1216 0.448845 0.0255426
0.113736 0.450993 0.0264396
0.105826 0.452961 0.0273261
0.0978737 0.454747 0.0282017
0.0898822 0.456351 0.029066
0.0818548 0.457773 0.0299186
0.0737946 0.459012 0.0307594
0.0657048 0.460068 0.0315878
0.0575888 0.460939 0.0324037
0.0494497 0.461626 0.0332065
0.0412908 0.462129 0.0339962
0.0331153 0.462447 0.0347722
0.0249265 0.46258 0.0355343
0.0167277 0.462528 0.0362823
0.0085222 0.462291 0.0370158
0.000313207 0.461869 0.0377344
-0.00789596 0.461262 0.038438
-0.016102 0.460471 0.0391263
-0.0243017 0.459496 0.0397989
-0.0324918 0.458337 0.0404556
-0.0406689 0.456995 0.0410962
-0.0488299 0.45547 0.0417203
-0.0569713 0.453763 0.0423278
-0.0650901 0.451875 0.0429183
-0.073183 0.449806 0.0434917
-0.0812466 0.447557 0.0440478
-0.0892779 0.445129 0.0445862
-0.0972735 0.442523 0.0451069
-0.10523 0.43974 0.0456095
-0.113145 0.436781 0.0460939
-0.121015 0.433648 0.0465598
-0.128836 0.430341 0.0470072
-0.136606 0.426862 0.0474358
-0.144322 0.423213 0.0478455
-0.15198 0.419394 0.048236
-0.159577 0.415407 0.0486073
-0.167111 0.411255 0.0489591
-0.174577 0.406938 0.0492914
-0.181974 0.402458 0.049604
-0.189299 0.397817 0.0498968
-0.196548 0.393017 0.0501697
-0.203718 0.38806 0.0504225
-0.210808 0.382947 0.0506552
-0.217812 0.377682 0.0508676
-0.22473 0.372265 0.0510597
-0.231559 0.3667 0.0512314
-0.238295 0.360988 0.0513827
-0.244935 0.355131 0.0515134
-0.251478 0.349133 0.0516235
-0.257921 0.342995 0.051713
-0.26426 0.336719 0.0517819
-0.270494 0.330309 0.0518301
-0.27662 0.323767 0.0518575
-0.282636 0.317095 0.0518643
-0.288538 0.310297 0.0518503
-0.294326 0.303374 0.0518156
-0.299996 0.29633 0.0517603
-0.305546 0.289167 0.0516842
-0.310974 0.281889 0.0515875
-0.316278 0.274498 0.0514702
-0.321455 0.266997 0.0513323
-0.326505 0.259389 0.0511739
-0.331423 0.251677 0.0509951
-0.33621 0.243865 0.0507959
-0.340862 0.235955 0.0505764
-0.345378 0.227951 0.0503367
-0.349757 0.219855 0.0500769
-0.353995 0.211671 0.0497971
-0.358092 0.203403 0.0494974
-0.362046 0.195053 0.0491779
-0.365856 0.186625 0.0488388
-0.369519 0.178123 0.0484802
-0.373035 0.169549 0.0481022
-0.376402 0.160907 0.047705
-0.379619 0.1522 0.0472887
-0.382684 0.143433 0.0468536
-0.385596 0.134608 0.0463997
-0.388354 0.125729 0.0459273
-0.390957 0.1168 0.0454365
-0.393404 0.107824 0.0449276
-0.395694 0.0988049 0.0444007
-0.397826 0.0897459 0.0438561
-0.399799 0.080651 0.043294
-0.401612 0.0715236 0.0427146
-0.403265 0.0623675 0.0421181
-0.404757 0.0531863 0.0415048
-0.406087 0.0439836 0.040875
-0.407255 0.0347632 0.0402288
-0.40826 0.0255288 0.0395665
-0.409103 0.0162839 0.0388884
-0.409782 0.00703239 0.0381948
-0.410297 -0.00222213 0.0374859
-0.410648 -0.0114759 0.0367621
-0.410836 -0.0207254 0.0360235
-0.410859 -0.0299667 0.0352706
-0.410718 -0.0391962 0.0345036
-0.410414 -0.0484102 0.0337228
-0.409945 -0.0576051 0.0329285
-0.409312 -0.0667772 0.0321211
-0.408517 -0.0759227 0.0313009
-0.407558 -0.0850381 0.0304681
-0.406436 -0.0941198 0.0296232
-0.405152 -0.103164 0.0287664
-0.403706 -0.112167 0.0278982
-0.402099 -0.121126 0.0270188
-0.400331 -0.130036 0.0261286
-0.398404 -0.138895 0.025228
-0.396317 -0.147698 0.0243173
-0.394072 -0.156442 0.0233969
-0.39167 -0.165124 0.0224671
-0.389111 -0.173741 0.0215284
-0.386397 -0.182288 0.0205811
-0.383528 -0.190762 0.0196255
-0.380507 -0.199161 0.0186621
-0.377333 -0.20748 0.0176913
-0.374009 -0.215716 0.0167134
-0.370535 -0.223867 0.0157288
-0.366914 -0.231928 0.014738
-0.363146 -0.239896 0.0137412
-0.359233 -0.247769 0.012739
-0.355176 -0.255544 0.0117316
-0.350978 -0.263216 0.0107196
-0.346639 -0.270783 0.00970336
-0.342162 -0.278243 0.0086832
-0.337549 -0.285591 0.00765957
-0.3328 -0.292825 0.00663289
-0.327919 -0.299943 0.00560356
-0.322907 -0.306941 0.00457199
-0.317766 -0.313817 0.0035386
-0.312497 -0.320567 0.00250379
-0.307105 -0.32719 0.00146799
-0.301589 -0.333682 0.000431609
-0.295953 -0.340041 -0.000604944
-0.290199 -0.346264 -0.00164125
-0.284329 -0.352349 -0.0026769
-0.278346 -0.358293 -0.00371148
-0.272251 -0.364095 -0.00474458
-0.266048 -0.369751 -0.00577577
-0.259739 -0.37526 -0.00680466
-0.253325 -0.380619 -0.00783082
-0.246811 -0.385826 -0.00885385
-0.240198 -0.39088 -0.00987334
-0.233489 -0.395777 -0.0108889
-0.226687 -0.400516 -0.0119001
-0.219795 -0.405096 -0.0129065
-0.212815 -0.409514 -0.0139078
-0.20575 -0.413768 -0.0149035
-0.198602 -0.417858 -0.0158933
-0.191376 -0.42178 -0.0168767
-0.184073 -0.425535 -0.0178533
-0.176696 -0.429119 -0.0188228
-0.169249 -0.432532 -0.0197848
-0.161735 -0.435773 -0.0207389
-0.154156 -0.43884 -0.0216847
-0.146515 -0.441731 -0.0226219
-0.138816 -0.444447 -0.02355
-0.131062 -0.446985 -0.0244687
-0.123255 -0.449345 -0.0253776
-0.115399 -0.451525 -0.0262763
-0.107497 -0.453525 -0.0271646
-0.0995526 -0.455344 -0.028042
-0.0915682 -0.456982 -0.0289082
-0.0835472 -0.458437 -0.0297629
-0.0754929 -0.459709 -0.0306056
-0.0674086 -0.460798 -0.0314361
-0.0592974 -0.461703 -0.0322541
-0.0511625 -0.462423 -0.0330592
-0.0430073 -0.462959 -0.033851
-0.034835 -0.46331 -0.0346294
-0.0266489 -0.463477 -0.0353938
-0.0184522 -0.463458 -0.0361442
-0.0102482 -0.463255 -0.0368801
-0.00204016 -0.462866 -0.0376013
0.0061686 -0.462293 -0.0383074
0.0143748 -0.461536 -0.0389983
0.0225752 -0.460594 -0.0396735
0.0307665 -0.459468 -0.0403329
0.0389454 -0.458159 -0.0409762
0.0471087 -0.456668 -0.0416031
0.0552531 -0.454994 -0.0422134
0.0633754 -0.453138 -0.0428068
0.0714722 -0.451102 -0.0433831
0.0795404 -0.448885 -0.0439421
0.0875768 -0.44649 -0.0444835
0.095578 -0.443916 -0.0450071
0.103541 -0.441166 -0.0455128
0.111463 -0.438239 -0.0460002
0.11934 -0.435137 -0.0464693
0.127169 -0.431862 -0.0469198
0.134947 -0.428414 -0.0473516
0.142671 -0.424796 -0.0477644
0.150339 -0.421008 -0.0481582
0.157946 -0.417052 -0.0485327
0.16549 -0.412929 -0.0488878
0.172967 -0.408642 -0.0492234
0.180376 -0.404192 -0.0495393
0.187712 -0.39958 -0.0498354
0.194974 -0.394809 -0.0501117
0.202157 -0.389881 -0.0503678
0.209259 -0.384797 -0.0506039
0.216278 -0.37956 -0.0508197
0.22321 -0.374171 -0.0510153
0.230053 -0.368633 -0.0511904
0.236805 -0.362948 -0.0513451
0.243461 -0.357118 -0.0514793
0.25002 -0.351145 -0.0515929
0.256479 -0.345033 -0.0516858
0.262835 -0.338783 -0.0517582
0.269087 -0.332398 -0.0518098
0.275231 -0.32588 -0.0518408
0.281264 -0.319232 -0.051851
0.287186 -0.312457 -0.0518405
0.292992 -0.305558 -0.0518093
0.298681 -0.298536 -0.0517574
0.304251 -0.291396 -0.0516848
0.3097 -0.284139 -0.0515916
0.315024 -0.276769 -0.0514777
0.320223 -0.269289 -0.0513433
0.325293 -0.261701 -0.0511883
0.330233 -0.25401 -0.0510129
0.335042 -0.246216 -0.0508171
0.339716 -0.238325 -0.0506011
0.344255 -0.230339 -0.0503648
0.348656 -0.222261 -0.0501083
0.352918 -0.214094 -0.0498319
0.357038 -0.205842 -0.0495355
0.361016 -0.197508 -0.0492193
0.36485 -0.189096 -0.0488835
0.368537 -0.180608 -0.0485281
0.372078 -0.172048 -0.0481534
0.375469 -0.16342 -0.0477594
0.378711 -0.154726 -0.0473463
