0.653284 0.311818 -0.0334206
0.650046 0.318432 -0.033143
0.646741 0.325013 -0.032862
0.643369 0.331561 -0.0325775
0.63993 0.338074 -0.0322897
0.636424 0.344552 -0.0319985
0.632853 0.350994 -0.0317041
0.629215 0.357399 -0.0314063
0.625513 0.363768 -0.0311053
0.621746 0.370099 -0.030801
0.617914 0.376392 -0.0304935
0.614018 0.382645 -0.0301829
0.610058 0.388859 -0.0298692
0.606036 0.395032 -0.0295523
0.60195 0.401165 -0.0292324
0.597802 0.407255 -0.0289095
0.593591 0.413304 -0.0285835
0.58932 0.41931 -0.0282546
0.584987 0.425272 -0.0279228
0.580593 0.43119 -0.027588
0.576139 0.437063 -0.0272504
0.571625 0.442891 -0.02691
0.567053 0.448673 -0.0265668
0.562421 0.454409 -0.0262208
0.557731 0.460097 -0.0258721
0.552983 0.465738 -0.0255207
0.548177 0.47133 -0.0251667
0.543315 0.476874 -0.02481
0.538397 0.482368 -0.0244508
0.533422 0.487812 -0.0240891
0.528392 0.493205 -0.0237248
0.523308 0.498547 -0.0233581
0.518169 0.503837 -0.022989
0.512976 0.509076 -0.0226174
0.507731 0.514261 -0.0222436
0.502432 0.519393 -0.0218674
0.497081 0.524471 -0.0214889
0.491679 0.529495 -0.0211083
0.486226 0.534463 -0.0207254
0.480722 0.539377 -0.0203404
0.475169 0.544234 -0.0199533
0.469566 0.549035 -0.0195641
0.463914 0.553779 -0.0191729
0.458215 0.558465 -0.0187796
0.452468 0.563094 -0.0183845
0.446673 0.567664 -0.0179874
0.440833 0.572175 -0.0175885
0.434947 0.576627 -0.0171877
0.429015 0.581019 -0.0167852
0.42304 0.585351 -0.0163809
0.41702 0.589622 -0.0159749
0.410957 0.593832 -0.0155673
0.404851 0.59798 -0.015158
0.398704 0.602066 -0.0147472
0.392515 0.60609 -0.0143348
0.386285 0.610051 -0.013921
0.380015 0.613949 -0.0135057
0.373706 0.617783 -0.013089
0.367358 0.621552 -0.0126709
0.360972 0.625258 -0.0122516
0.354549 0.628898 -0.0118309
0.348088 0.632473 -0.0114091
0.341592 0.635983 -0.010986
0.33506 0.639427 -0.0105618
0.328493 0.642804 -0.0101365
0.321893 0.646115 -0.00971021
0.315259 0.649358 -0.00928287
0.308592 0.652534 -0.00885456
0.301893 0.655643 -0.00842534
0.295163 0.658683 -0.00799524
0.288402 0.661656 -0.00756431
0.281612 0.664559 -0.0071326
0.274792 0.667394 -0.00670015
0.267943 0.670159 -0.006267
0.261067 0.672855 -0.0058332
0.254164 0.675481 -0.0053988
0.247234 0.678037 -0.00496384
0.240279 0.680522 -0.00452836
0.233299 0.682937 -0.00409241
0.226295 0.685281 -0.00365604
0.219267 0.687554 -0.00321928
0.212216 0.689756 -0.0027822
0.205143 0.691886 -0.00234482
0.19805 0.693945 -0.00190721
0.190935 0.695931 -0.00146939
0.183801 0.697845 -0.00103142
0.176647 0.699687 -0.000593348
0.169476 0.701456 -0.000155211
0.162287 0.703153 0.000282942
0.155081 0.704776 0.000721066
0.147858 0.706327 0.00115911
0.140621 0.707804 0.00159704
0.133369 0.709207 0.00203481
0.126103 0.710537 0.00247236
0.118824 0.711794 0.00290965
0.111533 0.712976 0.00334665
0.10423 0.714085 0.00378329
0.096916 0.715119 0.00421955
0.0895922 0.71608 0.00465536
0.0822592 0.716966 0.0050907
0.0749176 0.717777 0.0055255
0.0675683 0.718514 0.00595973
0.0602119 0.719177 0.00639334
0.0528493 0.719765 0.00682629
0.0454812 0.720278 0.00725854
0.0381084 0.720717 0.00769003
0.0307317 0.721081 0.00812072
0.0233517 0.72137 0.00855057
0.0159694 0.721584 0.00897953
0.00858534 0.721723 0.00940756
0.00120043 0.721788 0.00983461
-0.0061846 0.721777 0.0102606
-0.013569 0.721692 0.0106856
-0.020952 0.721532 0.0111095
-0.0283328 0.721297 0.0115322
-0.0357106 0.720987 0.0119537
-0.0430848 0.720602 0.012374
-0.0504545 0.720143 0.012793
-0.0578189 0.719609 0.0132106
-0.0651774 0.719 0.0136269
-0.072529 0.718317 0.0140418
-0.0798732 0.717559 0.0144552
-0.0872091 0.716726 0.0148671
-0.0945359 0.71582 0.0152775
-0.101853 0.714839 0.0156863
-0.109159 0.713784 0.0160934
-0.116454 0.712654 0.0164989
-0.123738 0.711451 0.0169027
-0.131008 0.710174 0.0173048
-0.138264 0.708824 0.017705
-0.145507 0.7074 0.0181034
-0.152734 0.705902 0.0184999
-0.159945 0.704331 0.0188945
-0.16714 0.702688 0.0192871
-0.174317 0.700971 0.0196778
-0.181476 0.699181 0.0200664
-0.188617 0.697319 0.0204529
-0.195738 0.695385 0.0208373
-0.202838 0.693379 0.0212195
-0.209918 0.6913 0.0215996
-0.216976 0.68915 0.0219773
-0.224011 0.686929 0.0223529
-0.231023 0.684636 0.022726
-0.238011 0.682272 0.0230969
-0.244974 0.679837 0.0234653
-0.251912 0.677332 0.0238313
-0.258824 0.674756 0.0241948
-0.265709 0.672111 0.0245559
-0.272566 0.669396 0.0249143
-0.279396 0.666611 0.0252702
-0.286196 0.663757 0.0256235
-0.292966 0.660835 0.0259741
-0.299706 0.657843 0.026322
-0.306415 0.654784 0.0266672
-0.313092 0.651657 0.0270096
-0.319737 0.648462 0.0273492
-0.326348 0.645199 0.027686
-0.332926 0.64187 0.0280199
-0.339469 0.638474 0.0283509
-0.345977 0.635012 0.0286789
-0.352449 0.631484 0.029004
-0.358884 0.627891 0.0293261
-0.365283 0.624232 0.0296451
-0.371643 0.620509 0.0299611
-0.377965 0.616721 0.0302739
-0.384247 0.61287 0.0305836
-0.39049 0.608954 0.0308901
-0.396692 0.604976 0.0311935
-0.402853 0.600935 0.0314935
-0.408972 0.596831 0.0317904
-0.415049 0.592666 0.0320839
-0.421082 0.588439 0.0323741
-0.427072 0.584151 0.0326609
-0.433018 0.579802 0.0329444
-0.438919 0.575393 0.0332244
-0.444774 0.570925 0.033501
-0.450583 0.566397 0.0337741
-0.456346 0.561811 0.0340437
-0.462061 0.557166 0.0343097
-0.467728 0.552464 0.0345723
-0.473346 0.547704 0.0348312
-0.478916 0.542887 0.0350865
-0.484435 0.538014 0.0353382
-0.489905 0.533085 0.0355862
-0.495324 0.528101 0.0358305
-0.500691 0.523062 0.0360711
-0.506006 0.517969 0.0363079
-0.511269 0.512822 0.036541
-0.516479 0.507622 0.0367703
-0.521635 0.502369 0.0369958
-0.526737 0.497065 0.0372174
-0.531785 0.491708 0.0374352
-0.536777 0.486301 0.0376491
-0.541714 0.480843 0.0378591
-0.546594 0.475335 0.0380652
-0.551418 0.469778 0.0382673
-0.556184 0.464172 0.0384654
-0.560893 0.458518 0.0386596
-0.565543 0.452816 0.0388497
-0.570135 0.447068 0.0390358
-0.574668 0.441273 0.0392179
-0.579141 0.435432 0.0393959
-0.583554 0.429546 0.0395698
-0.587907 0.423616 0.0397396
-0.592198 0.417642 0.0399052
-0.596429 0.411624 0.0400668
-0.600597 0.405564 0.0402242
-0.604703 0.399461 0.0403774
-0.608746 0.393317 0.0405264
-0.612726 0.387132 0.0406712
-0.616642 0.380908 0.0408118
-0.620495 0.374643 0.0409482
-0.624283 0.36834 0.0410803
-0.628006 0.361998 0.0412081
-0.631664 0.355619 0.0413317
-0.635257 0.349203 0.041451
-0.638784 0.342751 0.041566
-0.642244 0.336264 0.0416766
-0.645638 0.329741 0.041783
-0.648965 0.323184 0.041885
-0.652225 0.316594 0.0419827
-0.655417 0.309971 0.042076
-0.65854 0.303315 0.0421649
-0.661596 0.296628 0.0422495
-0.664583 0.289911 0.0423297
-0.667501 0.283163 0.0424055
-0.67035 0.276386 0.0424769
-0.673129 0.26958 0.0425439
-0.675838 0.262747 0.0426065
-0.678478 0.255886 0.0426646
-0.681046 0.248998 0.0427183
-0.683545 0.242085 0.0427676
-0.685972 0.235147 0.0428125
-0.688328 0.228184 0.0428529
-0.690613 0.221197 0.0428889
-0.692826 0.214188 0.0429204
-0.694967 0.207156 0.0429475
-0.697036 0.200103 0.0429701
-0.699033 0.193029 0.0429883
-0.700957 0.185935 0.043002
-0.702809 0.178822 0.0430112
-0.704587 0.17169 0.043016
-0.706293 0.164541 0.0430163
-0.707925 0.157374 0.0430122
-0.709484 0.150191 0.0430035
-0.710969 0.142992 0.0429905
-0.712381 0.135779 0.0429729
-0.713718 0.128552 0.0429509
-0.714982 0.121311 0.0429245
-0.716171 0.114057 0.0428936
-0.717286 0.106792 0.0428582
-0.718327 0.0995157 0.0428184
-0.719293 0.0922291 0.0427742
-0.720184 0.0849329 0.0427255
-0.721001 0.0776278 0.0426724
-0.721743 0.0703148 0.0426149
-0.72241 0.0629944 0.0425529
-0.723002 0.0556675 0.0424865
-0.723519 0.0483348 0.0424158
-0.723962 0.0409971 0.0423406
-0.724329 0.0336551 0.042261
-0.72462 0.0263097 0.042177
-0.724837 0.0189615 0.0420887
-0.724979 0.0116114 0.041996
-0.725045 0.00426005 0.0418989
-0.725036 -0.00309174 0.0417975
-0.724952 -0.0104432 0.0416918
-0.724792 -0.0177936 0.0415817
-0.724558 -0.0251421 0.0414673
-0.724248 -0.032488 0.0413487
-0.723863 -0.0398306 0.0412257
-0.723403 -0.047169 0.0410984
-0.722868 -0.0545026 0.0409669
-0.722258 -0.0618304 0.0408312
-0.721573 -0.0691519 0.0406912
-0.720813 -0.0764662 0.0405469
-0.719979 -0.0837726 0.0403985
-0.71907 -0.0910702 0.0402459
-0.718086 -0.0983584 0.0400891
-0.717027 -0.105636 0.0399281
-0.715895 -0.112904 0.039763
-0.714688 -0.120159 0.0395938
-0.713406 -0.127402 0.0394205
-0.712051 -0.134631 0.0392431
-0.710622 -0.141847 0.0390616
-0.70912 -0.149048 0.038876
-0.707543 -0.156234 0.0386865
-0.705894 -0.163403 0.0384929
-0.704171 -0.170555 0.0382953
-0.702375 -0.17769 0.0380937
-0.700506 -0.184806 0.0378882
-0.698564 -0.191903 0.0376788
-0.69655 -0.19898 0.0374654
-0.694464 -0.206037 0.0372482
-0.692306 -0.213072 0.0370271
-0.690076 -0.220085 0.0368021
-0.687774 -0.227075 0.0365734
-0.685401 -0.234042 0.0363408
-0.682957 -0.240984 0.0361045
-0.680442 -0.247902 0.0358644
-0.677856 -0.254793 0.0356206
-0.6752 -0.261658 0.0353732
-0.672474 -0.268496 0.035122
-0.669678 -0.275307 0.0348672
-0.666813 -0.282088 0.0346088
-0.663879 -0.288841 0.0343468
-0.660876 -0.295563 0.0340812
-0.657804 -0.302255 0.0338121
-0.654664 -0.308915 0.0335395
-0.651456 -0.315544 0.0332634
-0.64818 -0.322139 0.0329838
-0.644838 -0.328702 0.0327009
-0.641428 -0.33523 0.0324145
-0.637952 -0.341723 0.0321248
-0.634409 -0.348181 0.0318317
-0.630801 -0.354603 0.0315354
-0.627128 -0.360988 0.0312358
-0.623389 -0.367335 0.0309329
-0.619585 -0.373644 0.0306268
-0.615718 -0.379915 0.0303175
-0.611786 -0.386146 0.0300051
-0.607791 -0.392338 0.0296896
-0.603733 -0.398488 0.029371
-0.599613 -0.404597 0.0290494
-0.59543 -0.410664 0.0287247
-0.591185 -0.416689 0.0283971
-0.586879 -0.42267 0.0280665
-0.582512 -0.428608 0.027733
-0.578085 -0.434501 0.0273967
-0.573598 -0.440349 0.0270574
-0.569051 -0.446151 0.0267154
-0.564445 -0.451907 0.0263706
-0.559781 -0.457616 0.0260231
-0.555059 -0.463278 0.0256729
-0.550279 -0.468891 0.02532
-0.545442 -0.474456 0.0249645
-0.540548 -0.479972 0.0246064
-0.535599 -0.485438 0.0242457
-0.530593 -0.490853 0.0238825
-0.525533 -0.496218 0.0235169
-0.520418 -0.501531 0.0231488
-0.515249 -0.506792 0.0227783
-0.510027 -0.512001 0.0224054
-0.504752 -0.517156 0.0220302
-0.499424 -0.522258 0.0216528
-0.494045 -0.527306 0.0212731
-0.488615 -0.532298 0.0208911
-0.483133 -0.537236 0.0205071
-0.477602 -0.542118 0.0201208
-0.472021 -0.546944 0.0197325
-0.466391 -0.551713 0.0193422
-0.460713 -0.556425 0.0189498
-0.454987 -0.561079 0.0185555
-0.449214 -0.565674 0.0181593
-0.443394 -0.570211 0.0177611
-0.437528 -0.574689 0.0173612
-0.431617 -0.579108 0.0169594
-0.425661 -0.583466 0.0165559
-0.419661 -0.587764 0.0161506
-0.413617 -0.592001 0.0157437
-0.407531 -0.596176 0.0153351
-0.401402 -0.60029 0.014925
-0.395231 -0.604341 0.0145133
-0.38902 -0.608329 0.0141001
-0.382768 -0.612255 0.0136854
-0.376476 -0.616117 0.0132693
-0.370146 -0.619915 0.0128518
-0.363777 -0.623648 0.012433
-0.35737 -0.627317 0.012013
-0.350926 -0.630921 0.0115916
-0.344446 -0.63446 0.0111691
-0.33793 -0.637933 0.0107454
-0.331379 -0.641339 0.0103206
-0.324794 -0.644679 0.00989471
-0.318175 -0.647952 0.0094678
-0.311523 -0.651158 0.00903991
-0.304839 -0.654296 0.00861109
-0.298123 -0.657367 0.00818137
-0.291376 -0.660369 0.0077508
-0.284599 -0.663303 0.00731943
-0.277792 -0.666168 0.0068873
-0.270957 -0.668963 0.00645445
-0.264093 -0.67169 0.00602094
-0.257203 -0.674347 0.0055868
-0.250285 -0.676933 0.00515208
-0.243341 -0.67945 0.00471683
-0.236373 -0.681896 0.00428108
-0.229379 -0.684271 0.0038449
-0.222362 -0.686576 0.00340831
-0.215322 -0.688809 0.00297137
-0.20826 -0.69097 0.00253413
-0.201176 -0.69306 0.00209662
-0.194071 -0.695079 0.00165889
-0.186946 -0.697025 0.00122099
-0.179801 -0.698898 0.000782969
-0.172638 -0.700699 0.000344863
-0.165457 -0.702428 -9.32788e-05
-0.158259 -0.704084 -0.000531411
-0.151045 -0.705666 -0.000969487
-0.143814 -0.707176 -0.00140746
-0.136569 -0.708612 -0.00184529
-0.12931 -0.709974 -0.00228293
-0.122037 -0.711263 -0.00272033
-0.114752 -0.712478 -0.00315745
-0.107455 -0.713619 -0.00359424
-0.100147 -0.714687 -0.00403066
-0.0928278 -0.71568 -0.00446666
-0.0854995 -0.716598 -0.00490219
-0.0781623 -0.717443 -0.00533722
-0.070817 -0.718213 -0.00577169
-0.0634643 -0.718908 -0.00620557
-0.0561051 -0.719529 -0.0066388
-0.0487401 -0.720076 -0.00707134
-0.04137 -0.720547 -0.00750315
-0.0339956 -0.720944 -0.00793417
-0.0266177 -0.721266 -0.00836438
-0.0192371 -0.721513 -0.00879372
-0.0118545 -0.721686 -0.00922214
-0.00447067 -0.721783 -0.00964961
0.00291362 -0.721806 -0.0100761
0.0102976 -0.721754 -0.0105015
0.0176805 -0.721627 -0.0109258
0.0250615 -0.721425 -0.011349
0.03244 -0.721148 -0.011771
0.039815 -0.720796 -0.0121918
0.047186 -0.72037 -0.0126114
0.054552 -0.719869 -0.0130296
0.0619123 -0.719293 -0.0134465
0.0692662 -0.718643 -0.013862
0.076613 -0.717918 -0.014276
0.0839517 -0.717118 -0.0146885
0.0912817 -0.716245 -0.0150996
0.0986023 -0.715297 -0.015509
0.105913 -0.714274 -0.0159169
0.113212 -0.713178 -0.0163231
0.120499 -0.712008 -0.0167276
0.127775 -0.710763 -0.0171304
0.135036 -0.709446 -0.0175314
0.142284 -0.708054 -0.0179306
0.149517 -0.706589 -0.0183279
0.156735 -0.705051 -0.0187233
0.163936 -0.703439 -0.0191168
0.17112 -0.701755 -0.0195083
0.178286 -0.699998 -0.0198978
0.185434 -0.698168 -0.0202852
0.192563 -0.696266 -0.0206705
0.199671 -0.694291 -0.0210536
0.206759 -0.692245 -0.0214346
0.213826 -0.690127 -0.0218133
0.22087 -0.687937 -0.0221898
0.227892 -0.685676 -0.022564
0.234889 -0.683343 -0.0229358
0.241863 -0.68094 -0.0233053
0.248811 -0.678466 -0.0236723
0.255733 -0.675922 -0.0240369
0.262629 -0.673308 -0.024399
0.269498 -0.670624 -0.0247585
0.276338 -0.66787 -0.0251155
0.28315 -0.665047 -0.0254699
0.289933 -0.662155 -0.0258217
0.296685 -0.659194 -0.0261707
0.303407 -0.656165 -0.0265171
0.310097 -0.653068 -0.0268607
0.316755 -0.649903 -0.0272015
0.32338 -0.646671 -0.0275395
0.329972 -0.643372 -0.0278746
0.336529 -0.640006 -0.0282068
0.343051 -0.636573 -0.0285361
0.349538 -0.633075 -0.0288625
0.355988 -0.629511 -0.0291858
0.362402 -0.625881 -0.0295062
0.368778 -0.622187 -0.0298234
0.375116 -0.618428 -0.0301376
0.381414 -0.614605 -0.0304486
0.387674 -0.610718 -0.0307565
0.393892 -0.606768 -0.0310612
0.400071 -0.602755 -0.0313627
0.406207 -0.598679 -0.0316609
0.412301 -0.594542 -0.0319558
0.418353 -0.590342 -0.0322474
0.424361 -0.586082 -0.0325357
0.430325 -0.58176 -0.0328206
0.436245 -0.577379 -0.0331021
0.442119 -0.572937 -0.0333801
0.447947 -0.568436 -0.0336547
0.453729 -0.563876 -0.0339258
0.459464 -0.559258 -0.0341934
0.465151 -0.554581 -0.0344574
0.47079 -0.549847 -0.0347179
0.47638 -0.545056 -0.0349747
0.48192 -0.540209 -0.035228
0.487411 -0.535305 -0.0354775
0.492851 -0.530346 -0.0357234
0.49824 -0.525332 -0.0359656
0.503577 -0.520263 -0.036204
0.508861 -0.515141 -0.0364387
0.514093 -0.509965 -0.0366696
0.519272 -0.504736 -0.0368968
0.524397 -0.499455 -0.03712
0.529467 -0.494122 -0.0373395
0.534483 -0.488737 -0.037555
0.539443 -0.483302 -0.0377667
0.544347 -0.477817 -0.0379744
0.549194 -0.472283 -0.0381782
0.553985 -0.466699 -0.038378
0.558718 -0.461067 -0.0385739
0.563393 -0.455387 -0.0387658
0.568009 -0.44966 -0.0389536
0.572567 -0.443886 -0.0391374
0.577065 -0.438067 -0.0393171
0.581503 -0.432202 -0.0394927
0.585881 -0.426292 -0.0396643
0.590199 -0.420337 -0.0398317
0.594454 -0.41434 -0.039995
0.598649 -0.408299 -0.0401542
0.602781 -0.402216 -0.0403092
0.60685 -0.396091 -0.04046
0.610857 -0.389925 -0.0406066
0.6148 -0.383719 -0.040749
0.61868 -0.377473 -0.0408871
0.622495 -0.371187 -0.0410211
0.626246 -0.364864 -0.0411507
0.629931 -0.358502 -0.0412761
0.633552 -0.352103 -0.0413973
0.637106 -0.345668 -0.0415141
0.640595 -0.339197 -0.0416266
0.644017 -0.332691 -0.0417348
0.647372 -0.32615 -0.0418386
0.65066 -0.319576 -0.0419382
0.65388 -0.312968 -0.0420333
0.657033 -0.306328 -0.0421241
0.660117 -0.299656 -0.0422106
0.663133 -0.292953 -0.0422926
0.66608 -0.286219 -0.0423703
0.668958 -0.279456 -0.0424436
0.671767 -0.272664 -0.0425125
0.674505 -0.265844 -0.0425769
0.677174 -0.258996 -0.042637
0.679773 -0.252122 -0.0426926
0.682301 -0.245221 -0.0427438
0.684758 -0.238295 -0.0427905
0.687145 -0.231344 -0.0428328
0.689459 -0.224369 -0.0428707
0.691703 -0.217371 -0.0429041
0.693874 -0.21035 -0.0429331
0.695974 -0.203307 -0.0429576
0.698001 -0.196244 -0.0429777
0.699956 -0.18916 -0.0429933
0.701839 -0.182056 -0.0430044
0.703648 -0.174934 -0.0430111
0.705385 -0.167794 -0.0430133
0.707048 -0.160636 -0.0430111
0.708638 -0.153461 -0.0430044
0.710154 -0.146271 -0.0429932
0.711597 -0.139065 -0.0429775
0.712966 -0.131845 -0.0429575
0.71426 -0.124611 -0.0429329
0.715481 -0.117365 -0.0429039
0.716628 -0.110106 -0.0428704
0.7177 -0.102836 -0.0428325
0.718698 -0.0955554 -0.0427902
0.719621 -0.0882648 -0.0427434
0.720469 -0.080965 -0.0426922
0.721243 -0.0736569 -0.0426365
0.721942 -0.0663411 -0.0425764
0.722565 -0.0590185 -0.042512
0.723114 -0.0516898 -0.042443
0.723588 -0.0443557 -0.0423697
0.723987 -0.0370171 -0.042292
0.724311 -0.0296746 -0.0422099
0.724559 -0.0223291 -0.0421235
0.724733 -0.0149813 -0.0420326
0.724831 -0.00763201 -0.0419374
0.724854 -0.000281915 -0.0418379
0.724801 0.00706818 -0.041734
0.724674 0.0144175 -0.0416257
0.724471 0.0217653 -0.0415132
0.724193 0.0291109 -0.0413963
0.72384 0.0364534 -0.0412752
0.723412 0.043792 -0.0411498
0.722909 0.0511261 -0.0410201
0.722331 0.0584549 -0.0408861
0.721678 0.0657776 -0.0407479
0.72095 0.0730935 -0.0406055
0.720147 0.0804017 -0.0404588
0.719269 0.0877016 -0.040308
0.718317 0.0949923 -0.040153
0.71729 0.102273 -0.0399938
0.716189 0.109543 -0.0398305
0.715014 0.116802 -0.039663
0.713764 0.124049 -0.0394914
0.71244 0.131283 -0.0393157
0.711043 0.138503 -0.039136
0.709571 0.145709 -0.0389521
0.708026 0.152899 -0.0387643
0.706408 0.160074 -0.0385724
0.704716 0.167232 -0.0383765
0.702951 0.174373 -0.0381766
0.701113 0.181495 -0.0379728
0.699202 0.188599 -0.037765
0.697219 0.195683 -0.0375533
0.695163 0.202747 -0.0373378
0.693036 0.20979 -0.0371183
0.690836 0.216811 -0.036895
0.688565 0.223809 -0.0366679
0.686222 0.230784 -0.0364369
0.683808 0.237735 -0.0362022
0.681323 0.244662 -0.0359637
0.678767 0.251563 -0.0357215
0.676141 0.258438 -0.0354756
0.673445 0.265286 -0.035226
0.670679 0.272107 -0.0349727
0.667843 0.278899 -0.0347158
0.664938 0.285662 -0.0344554
0.661964 0.292396 -0.0341913
0.658922 0.299099 -0.0339237
0.655811 0.305772 -0.0336526
0.652632 0.312412 -0.0333779
0.649385 0.31902 -0.0330999
0.64607 0.325595 -0.0328183
0.642689 0.332136 -0.0325334
0.639241 0.338643 -0.0322451
0.635727 0.345114 -0.0319535
0.632147 0.35155 -0.0316585
0.628501 0.357949 -0.0313603
0.62479 0.364311 -0.0310588
0.621014 0.370635 -0.030754
0.617174 0.376921 -0.0304461
0.613269 0.383167 -0.0301351
0.609301 0.389374 -0.0298209
0.60527 0.395541 -0.0295036
0.601176 0.401666 -0.0291832
0.59702 0.407749 -0.0288598
0.592801 0.413791 -0.0285335
0.588521 0.419789 -0.0282041
0.58418 0.425743 -0.0278718
0.579779 0.431654 -0.0275367
0.575317 0.43752 -0.0271987
0.570796 0.44334 -0.0268578
0.566215 0.449114 -0.0265142
0.561575 0.454842 -0.0261678
0.556878 0.460522 -0.0258188
0.552122 0.466155 -0.025467
0.547309 0.471739 -0.0251126
0.54244 0.477274 -0.0247556
0.537514 0.48276 -0.024396
0.532532 0.488195 -0.0240339
0.527495 0.49358 -0.0236692
0.522404 0.498913 -0.0233022
0.517258 0.504195 -0.0229327
0.512058 0.509425 -0.0225608
0.506806 0.514601 -0.0221866
0.5015 0.519724 -0.0218101
0.496143 0.524794 -0.0214313
0.490734 0.529808 -0.0210504
0.485275 0.534768 -0.0206672
0.479765 0.539672 -0.0202818
0.474205 0.54452 -0.0198944
0.468596 0.549312 -0.0195049
0.462938 0.554047 -0.0191134
0.457232 0.558724 -0.0187199
0.451479 0.563343 -0.0183245
0.445679 0.567904 -0.0179271
0.439833 0.572405 -0.0175279
0.433941 0.576848 -0.0171269
0.428004 0.58123 -0.0167241
0.422022 0.585552 -0.0163196
0.415997 0.589813 -0.0159133
0.409929 0.594013 -0.0155054
0.403818 0.598152 -0.0150959
0.397665 0.602228 -0.0146849
0.391471 0.606242 -0.0142723
0.385236 0.610193 -0.0138582
0.378962 0.61408 -0.0134427
0.372648 0.617904 -0.0130258
0.366295 0.621664 -0.0126076
0.359904 0.625359 -0.012188
0.353476 0.628989 -0.0117672
0.347011 0.632554 -0.0113452
0.340511 0.636053 -0.010922
0.333975 0.639486 -0.0104976
0.327404 0.642853 -0.0100722
0.320799 0.646153 -0.00964567
0.314161 0.649386 -0.00921818
0.30749 0.652552 -0.00878974
0.300788 0.655649 -0.00836038
0.294054 0.658679 -0.00793015
0.28729 0.661641 -0.0074991
0.280496 0.664533 -0.00706727
0.273673 0.667357 -0.00663471
0.266821 0.670112 -0.00620146
0.259942 0.672797 -0.00576756
0.253035 0.675412 -0.00533307
0.246103 0.677957 -0.00489802
0.239145 0.680431 -0.00446247
0.232162 0.682835 -0.00402645
0.225155 0.685169 -0.00359001
0.218124 0.687431 -0.0031532
0.211071 0.689621 -0.00271606
0.203997 0.69174 -0.00227864
0.1969 0.693787 -0.00184098
0.189784 0.695763 -0.00140313
0.182648 0.697666 -0.000965137
0.175492 0.699496 -0.000527041
0.168319 0.701254 -8.88906e-05
0.161128 0.70294 0.00034927
0.15392 0.704552 0.000787395
0.146697 0.706091 0.00122544
0.139458 0.707557 0.00166335
0.132205 0.708949 0.0021011
0.124938 0.710268 0.00253863
0.117658 0.711513 0.00297589
0.110365 0.712684 0.00341285
0.103062 0.713781 0.00384945
0.0957472 0.714804 0.00428565
0.0884229 0.715753 0.00472141
0.0810893 0.716628 0.00515668
0.0737474 0.717428 0.00559142
0.0663978 0.718154 0.00602557
0.0590412 0.718805 0.00645911
0.0516786 0.719382 0.00689197
0.0443105 0.719884 0.00732411
0.0369379 0.720311 0.0077555
0.0295614 0.720663 0.00818609
0.0221818 0.720941 0.00861582
0.0148 0.721144 0.00904466
0.00741654 0.721272 0.00947257
3.23295e-05 0.721325 0.00989949
-0.00735189 0.721303 0.0103254
-0.0147354 0.721206 0.0107502
-0.0221173 0.721035 0.0111739
-0.029497 0.720788 0.0115965
-0.0368736 0.720467 0.0120178
-0.0442464 0.720071 0.0124379
-0.0516146 0.7196 0.0128567
-0.0589775 0.719055 0.0132742
-0.0663343 0.718435 0.0136903
-0.0736842 0.71774 0.014105
-0.0810265 0.716971 0.0145182
-0.0883603 0.716127 0.0149299
-0.0956851 0.715209 0.0153401
-0.103 0.714217 0.0157487
-0.110304 0.713151 0.0161556
-0.117597 0.712011 0.0165609
-0.124877 0.710796 0.0169644
-0.132145 0.709508 0.0173662
-0.139399 0.708147 0.0177662
-0.146638 0.706711 0.0181643
-0.153862 0.705203 0.0185606
-0.16107 0.703621 0.0189549
-0.168262 0.701966 0.0193473
-0.175436 0.700239 0.0197376
-0.182592 0.698438 0.020126
-0.189729 0.696565 0.0205122
-0.196846 0.69462 0.0208963
-0.203943 0.692603 0.0212782
-0.211019 0.690514 0.0216579
-0.218073 0.688353 0.0220354
-0.225104 0.686121 0.0224106
-0.232112 0.683817 0.0227835
-0.239096 0.681443 0.023154
-0.246055 0.678997 0.0235221
-0.252989 0.676482 0.0238878
-0.259896 0.673896 0.0242509
-0.266776 0.67124 0.0246116
-0.273629 0.668514 0.0249697
-0.280453 0.665719 0.0253253
-0.287248 0.662855 0.0256782
-0.294014 0.659922 0.0260284
-0.300749 0.656921 0.0263759
-0.307453 0.653851 0.0267207
-0.314124 0.650713 0.0270628
-0.320764 0.647508 0.027402
-0.32737 0.644236 0.0277384
-0.333942 0.640897 0.0280719
-0.340479 0.637491 0.0284025
-0.346981 0.634019 0.0287301
-0.353447 0.630482 0.0290548
-0.359877 0.626878 0.0293764
-0.366269 0.62321 0.029695
-0.372623 0.619477 0.0300105
-0.378939 0.61568 0.030323
-0.385215 0.611819 0.0306322
-0.391451 0.607894 0.0309383
-0.397647 0.603906 0.0312412
-0.403801 0.599856 0.0315408
-0.409914 0.595743 0.0318372
-0.415984 0.591568 0.0321302
-0.422011 0.587332 0.03242
-0.427994 0.583035 0.0327063
-0.433932 0.578678 0.0329893
-0.439826 0.57426 0.0332689
-0.445674 0.569783 0.033545
-0.451476 0.565246 0.0338176
-0.457231 0.560651 0.0340867
-0.462939 0.555998 0.0343523
-0.468598 0.551287 0.0346143
-0.474209 0.546519 0.0348727
-0.479771 0.541693 0.0351275
-0.485283 0.536812 0.0353787
-0.490744 0.531875 0.0356262
-0.496155 0.526883 0.03587
-0.501515 0.521836 0.0361101
-0.506822 0.516735 0.0363464
-0.512077 0.51158 0.0365789
-0.517278 0.506372 0.0368077
-0.522426 0.501112 0.0370327
-0.52752 0.495799 0.0372538
-0.532559 0.490435 0.037471
-0.537543 0.48502 0.0376844
-0.542471 0.479555 0.0378938
-0.547342 0.47404 0.0380993
-0.552157 0.468475 0.0383009
-0.556915 0.462862 0.0384985
-0.561615 0.457201 0.0386921
-0.566257 0.451493 0.0388816
-0.57084 0.445737 0.0390672
-0.575364 0.439936 0.0392487
-0.579828 0.434088 0.0394261
-0.584232 0.428196 0.0395994
-0.588575 0.422259 0.0397687
-0.592857 0.416278 0.0399338
-0.597078 0.410254 0.0400947
-0.601237 0.404187 0.0402515
-0.605333 0.398079 0.0404042
-0.609367 0.391929 0.0405526
-0.613337 0.385738 0.0406968
-0.617244 0.379507 0.0408368
-0.621087 0.373237 0.0409726
-0.624865 0.366928 0.0411041
-0.628579 0.360581 0.0412314
-0.632227 0.354196 0.0413543
-0.63581 0.347775 0.041473
-0.639327 0.341318 0.0415874
-0.642777 0.334825 0.0416975
-0.646161 0.328297 0.0418032
-0.649478 0.321735 0.0419046
-0.652728 0.31514 0.0420017
-0.655909 0.308512 0.0420944
-0.659023 0.301852 0.0421827
-0.662068 0.295161 0.0422667
-0.665045 0.288439 0.0423463
-0.667953 0.281686 0.0424215
-0.670791 0.274905 0.0424923
-0.67356 0.268095 0.0425586
-0.676259 0.261258 0.0426206
-0.678888 0.254393 0.0426781
-0.681446 0.247501 0.0427313
-0.683934 0.240584 0.0427799
-0.68635 0.233642 0.0428242
-0.688696 0.226676 0.042864
-0.69097 0.219686 0.0428993
-0.693172 0.212673 0.0429302
-0.695303 0.205638 0.0429567
-0.697361 0.198582 0.0429787
-0.699347 0.191505 0.0429962
-0.701261 0.184408 0.0430093
-0.703102 0.177292 0.0430179
-0.70487 0.170158 0.0430221
-0.706564 0.163006 0.0430218
-0.708186 0.155837 0.043017
-0.709734 0.148651 0.0430078
-0.711208 0.14145 0.0429941
-0.712609 0.134235 0.0429759
-0.713935 0.127005 0.0429533
-0.715188 0.119763 0.0429262
-0.716366 0.112507 0.0428947
-0.71747 0.10524 0.0428587
-0.7185 0.0979625 0.0428183
-0.719455 0.0906744 0.0427734
-0.720336 0.0833769 0.0427241
-0.721141 0.0760706 0.0426704
-0.721872 0.0687564 0.0426123
-0.722529 0.061435 0.0425497
-0.72311 0.0541071 0.0424827
-0.723616 0.0467736 0.0424113
-0.724047 0.0394352 0.0423355
-0.724403 0.0320927 0.0422553
-0.724684 0.0247468 0.0421708
-0.724889 0.0173982 0.0420818
-0.72502 0.0100479 0.0419885
-0.725075 0.00269637 0.0418908
-0.725055 -0.00465545 0.0417888
-0.72496 -0.0120068 0.0416825
-0.72479 -0.019357 0.0415718
-0.724544 -0.0267053 0.0414568
-0.724223 -0.0340508 0.0413375
-0.723828 -0.0413928 0.041214
-0.723357 -0.0487306 0.0410861
-0.722811 -0.0560634 0.040954
-0.72219 -0.0633904 0.0408177
-0.721494 -0.0707109 0.0406771
-0.720723 -0.0780241 0.0405323
-0.719878 -0.0853293 0.0403832
-0.718958 -0.0926257 0.04023
-0.717963 -0.0999125 0.0400727
-0.716894 -0.107189 0.0399111
-0.71575 -0.114454 0.0397455
-0.714532 -0.121708 0.0395757
-0.713241 -0.128949 0.0394018
-0.711875 -0.136177 0.0392238
-0.710435 -0.14339 0.0390417
-0.708922 -0.150589 0.0388556
-0.707335 -0.157772 0.0386655
-0.705674 -0.164939 0.0384713
-0.703941 -0.172089 0.0382732
-0.702134 -0.179221 0.0380711
-0.700255 -0.186335 0.037865
-0.698303 -0.193429 0.037655
-0.696278 -0.200503 0.0374411
-0.694182 -0.207557 0.0372234
-0.692013 -0.214589 0.0370017
-0.689773 -0.221599 0.0367763
-0.687461 -0.228586 0.036547
-0.685077 -0.235549 0.0363139
-0.682623 -0.242488 0.036077
-0.680098 -0.249401 0.0358364
-0.677502 -0.256289 0.0355921
-0.674836 -0.26315 0.0353441
-0.6721 -0.269985 0.0350925
-0.669294 -0.276791 0.0348372
-0.666419 -0.283568 0.0345783
-0.663475 -0.290316 0.0343157
-0.660462 -0.297034 0.0340497
-0.65738 -0.303722 0.0337801
-0.65423 -0.310378 0.033507
-0.651012 -0.317001 0.0332304
-0.647727 -0.323592 0.0329504
-0.644375 -0.330149 0.0326669
-0.640956 -0.336673 0.0323801
-0.63747 -0.343161 0.0320899
-0.633918 -0.349614 0.0317964
-0.630301 -0.35603 0.0314996
-0.626618 -0.36241 0.0311995
-0.62287 -0.368752 0.0308962
-0.619057 -0.375056 0.0305897
-0.61518 -0.381321 0.03028
-0.61124 -0.387546 0.0299671
-0.607236 -0.393732 0.0296512
-0.603169 -0.399876 0.0293322
-0.599039 -0.405979 0.0290101
-0.594848 -0.41204 0.028685
-0.590594 -0.418059 0.028357
-0.58628 -0.424034 0.028026
-0.581904 -0.429965 0.0276921
-0.577468 -0.435852 0.0273554
-0.572973 -0.441693 0.0270157
-0.568418 -0.447489 0.0266733
-0.563804 -0.453238 0.0263282
-0.559131 -0.45894 0.0259803
-0.5544 -0.464595 0.0256297
-0.549612 -0.470202 0.0252764
-0.544767 -0.47576 0.0249205
-0.539866 -0.481268 0.0245621
-0.534908 -0.486727 0.0242011
-0.529895 -0.492135 0.0238375
-0.524827 -0.497492 0.0234715
-0.519705 -0.502798 0.0231031
-0.514528 -0.508052 0.0227323
-0.509299 -0.513253 0.0223591
-0.504016 -0.518401 0.0219836
-0.498681 -0.523495 0.0216058
-0.493295 -0.528534 0.0212258
-0.487857 -0.533519 0.0208436
-0.482369 -0.538449 0.0204592
-0.47683 -0.543323 0.0200727
-0.471243 -0.548141 0.0196841
-0.465606 -0.552901 0.0192935
-0.459921 -0.557605 0.0189009
-0.454188 -0.562251 0.0185063
-0.448409 -0.566838 0.0181098
-0.442582 -0.571367 0.0177114
-0.43671 -0.575836 0.0173111
-0.430793 -0.580246 0.0169091
-0.424831 -0.584596 0.0165054
-0.418824 -0.588885 0.0160999
-0.412775 -0.593113 0.0156927
-0.406682 -0.597279 0.0152839
-0.400548 -0.601384 0.0148736
-0.394372 -0.605426 0.0144617
-0.388155 -0.609406 0.0140483
-0.381897 -0.613322 0.0136334
-0.3756 -0.617175 0.0132171
-0.369265 -0.620964 0.0127995
-0.36289 -0.624688 0.0123805
-0.356479 -0.628348 0.0119602
-0.35003 -0.631943 0.0115387
-0.343545 -0.635472 0.011116
-0.337024 -0.638935 0.0106922
-0.330468 -0.642332 0.0102672
-0.323879 -0.645662 0.00984121
-0.317255 -0.648926 0.00941417
-0.310599 -0.652122 0.00898616
-0.30391 -0.655251 0.00855721
-0.29719 -0.658311 0.00812737
-0.290439 -0.661304 0.0076967
-0.283658 -0.664228 0.00726522
-0.276848 -0.667083 0.00683299
-0.270008 -0.669869 0.00640006
-0.263141 -0.672585 0.00596646
