0.876505 0.471565 -2.19083e-05
0.87341 0.477059 -2.20209e-05
0.87028 0.482534 -2.21327e-05
0.867115 0.487991 -2.22437e-05
0.863916 0.493427 -2.2354e-05
0.860682 0.498844 -2.24635e-05
0.857413 0.504241 -2.25723e-05
0.85411 0.509617 -2.26803e-05
0.850773 0.514974 -2.27875e-05
0.847402 0.520309 -2.28939e-05
0.843996 0.525624 -2.29996e-05
0.840558 0.530918 -2.31044e-05
0.837085 0.53619 -2.32085e-05
0.833579 0.541441 -2.33117e-05
0.830039 0.54667 -2.34142e-05
0.826467 0.551878 -2.35158e-05
0.822861 0.557063 -2.36166e-05
0.819222 0.562226 -2.37166e-05
0.815551 0.567367 -2.38157e-05
0.811846 0.572484 -2.39141e-05
0.80811 0.577579 -2.40115e-05
0.80434 0.582651 -2.41081e-05
0.800539 0.587699 -2.42039e-05
0.796706 0.592724 -2.42988e-05
0.792841 0.597725 -2.43929e-05
0.788944 0.602703 -2.4486e-05
0.785015 0.607656 -2.45783e-05
0.781055 0.612584 -2.46697e-05
0.777064 0.617489 -2.47603e-05
0.773041 0.622368 -2.48499e-05
0.768988 0.627223 -2.49386e-05
0.764904 0.632052 -2.50265e-05
0.760789 0.636856 -2.51134e-05
0.756644 0.641635 -2.51994e-05
0.752468 0.646388 -2.52845e-05
0.748263 0.651115 -2.53687e-05
0.744027 0.655816 -2.5452e-05
0.739761 0.66049 -2.55343e-05
0.735466 0.665139 -2.56157e-05
0.731142 0.66976 -2.56961e-05
0.726788 0.674355 -2.57756e-05
0.722405 0.678923 -2.58541e-05
0.717993 0.683464 -2.59317e-05
0.713553 0.687977 -2.60083e-05
0.709084 0.692463 -2.6084e-05
0.704586 0.696921 -2.61586e-05
0.700061 0.701351 -2.62323e-05
0.695507 0.705753 -2.63051e-05
0.690925 0.710126 -2.63768e-05
0.686316 0.714472 -2.64475e-05
0.681679 0.718788 -2.65173e-05
0.677015 0.723076 -2.6586e-05
0.672324 0.727335 -2.66538e-05
0.667606 0.731565 -2.67205e-05
0.662861 0.735766 -2.67862e-05
0.65809 0.739937 -2.68509e-05
0.653292 0.744078 -2.69146e-05
0.648468 0.74819 -2.69772e-05
0.643618 0.752272 -2.70388e-05
0.638743 0.756323 -2.70994e-05
0.633842 0.760345 -2.7159e-05
0.628915 0.764335 -2.72174e-05
0.623963 0.768296 -2.72749e-05
0.618986 0.772225 -2.73313e-05
0.613985 0.776124 -2.73866e-05
0.608959 0.779991 -2.74409e-05
0.603908 0.783827 -2.7494e-05
0.598834 0.787632 -2.75462e-05
0.593735 0.791406 -2.75972e-05
0.588613 0.795147 -2.76472e-05
0.583467 0.798857 -2.76961e-05
0.578297 0.802535 -2.77439e-05
0.573105 0.806181 -2.77906e-05
0.567889 0.809794 -2.78362e-05
0.562651 0.813375 -2.78807e-05
0.55739 0.816923 -2.79242e-05
0.552107 0.820439 -2.79665e-05
0.546802 0.823922 -2.80077e-05
0.541475 0.827372 -2.80478e-05
0.536126 0.830788 -2.80867e-05
0.530756 0.834172 -2.81246e-05
0.525365 0.837522 -2.81613e-05
0.519952 0.840839 -2.81969e-05
0.514519 0.844121 -2.82314e-05
0.509065 0.84737 -2.82647e-05
0.503591 0.850586 -2.82969e-05
0.498096 0.853767 -2.83279e-05
0.492582 0.856913 -2.83578e-05
0.487048 0.860026 -2.83866e-05
0.481494 0.863104 -2.84142e-05
0.475921 0.866148 -2.84407e-05
0.470329 0.869157 -2.8466e-05
0.464718 0.872131 -2.84901e-05
0.459089 0.87507 -2.85131e-05
0.453441 0.877974 -2.85349e-05
0.447775 0.880843 -2.85555e-05
0.442091 0.883677 -2.8575e-05
0.43639 0.886475 -2.85933e-05
0.430671 0.889238 -2.86104e-05
0.424934 0.891965 -2.86263e-05
0.419181 0.894656 -2.86411e-05
0.413411 0.897312 -2.86546e-05
0.407624 0.899932 -2.8667e-05
0.401821 0.902516 -2.86782e-05
0.396002 0.905063 -2.86882e-05
0.390167 0.907574 -2.8697e-05
0.384317 0.910049 -2.87046e-05
0.378451 0.912488 -2.8711e-05
0.37257 0.91489 -2.87162e-05
0.366673 0.917255 -2.87202e-05
0.360763 0.919584 -2.8723e-05
0.354838 0.921876 -2.87245e-05
0.348898 0.924131 -2.87249e-05
0.342945 0.926349 -2.87241e-05
0.336978 0.928529 -2.8722e-05
0.330997 0.930673 -2.87187e-05
0.325003 0.932779 -2.87142e-05
0.318997 0.934849 -2.87085e-05
0.312977 0.93688 -2.87015e-05
0.306945 0.938874 -2.86934e-05
0.3009 0.940831 -2.8684e-05
0.294844 0.942749 -2.86733e-05
0.288776 0.94463 -2.86615e-05
0.282696 0.946474 -2.86484e-05
0.276605 0.948279 -2.86341e-05
0.270502 0.950046 -2.86185e-05
0.264389 0.951776 -2.86018e-05
0.258265 0.953467 -2.85837e-05
0.252131 0.95512 -2.85645e-05
0.245987 0.956735 -2.8544e-05
0.239833 0.958311 -2.85222e-05
0.23367 0.959849 -2.84993e-05
0.227497 0.961349 -2.84751e-05
0.221315 0.96281 -2.84496e-05
0.215124 0.964233 -2.84229e-05
0.208924 0.965617 -2.8395e-05
0.202716 0.966962 -2.83658e-05
0.1965 0.968269 -2.83353e-05
0.190277 0.969537 -2.83036e-05
0.184045 0.970766 -2.82707e-05
0.177806 0.971956 -2.82365e-05
0.17156 0.973107 -2.82011e-05
0.165307 0.974219 -2.81645e-05
0.159048 0.975293 -2.81265e-05
0.152782 0.976327 -2.80874e-05
0.14651 0.977322 -2.80469e-05
0.140232 0.978278 -2.80053e-05
0.133949 0.979195 -2.79624e-05
0.12766 0.980072 -2.79182e-05
0.121366 0.980911 -2.78728e-05
0.115067 0.98171 -2.78261e-05
0.108764 0.982469 -2.77782e-05
0.102456 0.98319 -2.77291e-05
0.0961439 0.983871 -2.76787e-05
0.0898282 0.984513 -2.7627e-05
0.0835089 0.985115 -2.75741e-05
0.0771862 0.985678 -2.752e-05
0.0708604 0.986201 -2.74646e-05
0.0645318 0.986685 -2.74079e-05
0.0582006 0.987129 -2.73501e-05
0.0518671 0.987534 -2.72909e-05
0.0455315 0.987899 -2.72305e-05
0.0391941 0.988225 -2.71689e-05
0.0328551 0.988511 -2.71061e-05
0.0265147 0.988757 -2.7042e-05
0.0201733 0.988964 -2.69766e-05
0.0138311 0.989132 -2.69101e-05
0.00748839 0.98926 -2.68422e-05
0.00114534 0.989348 -2.67732e-05
-0.00519776 0.989396 -2.67029e-05
-0.0115407 0.989405 -2.66314e-05
-0.0178831 0.989374 -2.65586e-05
-0.0242248 0.989304 -2.64847e-05
-0.0305656 0.989194 -2.64094e-05
-0.0369051 0.989044 -2.6333e-05
-0.0432432 0.988855 -2.62553e-05
-0.0495795 0.988626 -2.61764e-05
-0.0559139 0.988358 -2.60963e-05
-0.062246 0.98805 -2.6015e-05
-0.0685756 0.987703 -2.59324e-05
-0.0749025 0.987316 -2.58487e-05
-0.0812263 0.986889 -2.57637e-05
-0.087547 0.986423 -2.56775e-05
-0.0938641 0.985917 -2.55901e-05
-0.100177 0.985372 -2.55014e-05
-0.106487 0.984788 -2.54116e-05
-0.112792 0.984164 -2.53206e-05
-0.119093 0.9835 -2.52284e-05
-0.125388 0.982798 -2.51349e-05
-0.131679 0.982055 -2.50403e-05
-0.137965 0.981274 -2.49445e-05
-0.144245 0.980453 -2.48475e-05
-0.150519 0.979593 -2.47493e-05
-0.156787 0.978694 -2.46499e-05
-0.163049 0.977756 -2.45493e-05
-0.169305 0.976778 -2.44476e-05
-0.175553 0.975761 -2.43447e-05
-0.181795 0.974706 -2.42406e-05
-0.188029 0.973611 -2.41353e-05
-0.194256 0.972477 -2.40289e-05
-0.200475 0.971304 -2.39213e-05
-0.206686 0.970093 -2.38125e-05
-0.212889 0.968842 -2.37026e-05
-0.219083 0.967553 -2.35915e-05
-0.225268 0.966225 -2.34793e-05
-0.231445 0.964858 -2.3366e-05
-0.237612 0.963453 -2.32515e-05
-0.24377 0.962009 -2.31358e-05
-0.249917 0.960527 -2.3019e-05
-0.256055 0.959006 -2.29011e-05
-0.262183 0.957446 -2.27821e-05
-0.2683 0.955849 -2.26619e-05
-0.274407 0.954213 -2.25406e-05
-0.280502 0.952539 -2.24182e-05
-0.286586 0.950826 -2.22947e-05
-0.292659 0.949076 -2.21701e-05
-0.29872 0.947288 -2.20444e-05
-0.304769 0.945461 -2.19175e-05
-0.310806 0.943597 -2.17896e-05
-0.31683 0.941695 -2.16606e-05
-0.322842 0.939756 -2.15305e-05
-0.328841 0.937779 -2.13993e-05
-0.334826 0.935764 -2.12671e-05
-0.340798 0.933711 -2.11338e-05
-0.346757 0.931622 -2.09994e-05
-0.352702 0.929495 -2.08639e-05
-0.358632 0.92733 -2.07274e-05
-0.364548 0.925129 -2.05899e-05
-0.37045 0.922891 -2.04513e-05
-0.376337 0.920615 -2.03116e-05
-0.382209 0.918303 -2.01709e-05
-0.388065 0.915954 -2.00292e-05
-0.393906 0.913568 -1.98865e-05
-0.399731 0.911146 -1.97427e-05
-0.40554 0.908687 -1.95979e-05
-0.411333 0.906192 -1.94522e-05
-0.417109 0.903661 -1.93054e-05
-0.422869 0.901093 -1.91576e-05
-0.428612 0.89849 -1.90088e-05
-0.434338 0.89585 -1.8859e-05
-0.440046 0.893174 -1.87083e-05
-0.445736 0.890463 -1.85565e-05
-0.451409 0.887716 -1.84038e-05
-0.457064 0.884934 -1.82502e-05
-0.4627 0.882116 -1.80955e-05
-0.468318 0.879262 -1.794e-05
-0.473917 0.876374 -1.77834e-05
-0.479497 0.87345 -1.7626e-05
-0.485058 0.870492 -1.74676e-05
-0.4906 0.867498 -1.73083e-05
-0.496122 0.86447 -1.7148e-05
-0.501624 0.861407 -1.69869e-05
-0.507106 0.85831 -1.68248e-05
-0.512568 0.855178 -1.66618e-05
-0.518009 0.852012 -1.6498e-05
-0.523429 0.848812 -1.63332e-05
-0.528828 0.845578 -1.61676e-05
-0.534207 0.842311 -1.6001e-05
-0.539564 0.839009 -1.58337e-05
-0.544899 0.835674 -1.56654e-05
-0.550212 0.832305 -1.54963e-05
-0.555504 0.828903 -1.53264e-05
-0.560773 0.825468 -1.51556e-05
-0.56602 0.822 -1.4984e-05
-0.571244 0.818498 -1.48115e-05
-0.576445 0.814964 -1.46382e-05
-0.581623 0.811398 -1.44641e-05
-0.586778 0.807799 -1.42893e-05
-0.591909 0.804167 -1.41136e-05
-0.597017 0.800504 -1.39371e-05
-0.602101 0.796808 -1.37598e-05
-0.60716 0.79308 -1.35818e-05
-0.612196 0.789321 -1.3403e-05
-0.617206 0.78553 -1.32234e-05
-0.622192 0.781708 -1.30431e-05
-0.627154 0.777854 -1.2862e-05
-0.63209 0.773969 -1.26802e-05
-0.637001 0.770053 -1.24977e-05
-0.641886 0.766106 -1.23144e-05
-0.646745 0.762129 -1.21304e-05
-0.651579 0.758121 -1.19457e-05
-0.656387 0.754083 -1.17604e-05
-0.661168 0.750014 -1.15743e-05
-0.665923 0.745916 -1.13875e-05
-0.670651 0.741787 -1.12001e-05
-0.675352 0.737629 -1.1012e-05
-0.680027 0.733441 -1.08232e-05
-0.684674 0.729224 -1.06338e-05
-0.689293 0.724978 -1.04438e-05
-0.693885 0.720703 -1.02531e-05
-0.69845 0.716399 -1.00618e-05
-0.702986 0.712066 -9.86983e-06
-0.707494 0.707705 -9.67729e-06
-0.711974 0.703315 -9.48415e-06
-0.716425 0.698897 -9.29042e-06
-0.720848 0.694451 -9.0961e-06
-0.725242 0.689978 -8.9012e-06
-0.729606 0.685476 -8.70574e-06
-0.733942 0.680948 -8.50972e-06
-0.738248 0.676392 -8.31316e-06
-0.742525 0.671808 -8.11605e-06
-0.746771 0.667198 -7.9184e-06
-0.750988 0.662562 -7.72024e-06
-0.755175 0.657898 -7.52156e-06
-0.759332 0.653209 -7.32238e-06
-0.763458 0.648493 -7.12269e-06
-0.767554 0.643751 -6.92253e-06
-0.771619 0.638984 -6.72188e-06
-0.775653 0.634191 -6.52076e-06
-0.779656 0.629372 -6.31918e-06
-0.783628 0.624528 -6.11715e-06
-0.787568 0.61966 -5.91468e-06
-0.791477 0.614766 -5.71177e-06
-0.795354 0.609848 -5.50844e-06
-0.799199 0.604905 -5.30469e-06
-0.803013 0.599939 -5.10054e-06
-0.806794 0.594948 -4.89599e-06
-0.810543 0.589933 -4.69106e-06
-0.814259 0.584895 -4.48574e-06
-0.817943 0.579833 -4.28006e-06
-0.821594 0.574748 -4.07402e-06
-0.825212 0.56964 -3.86763e-06
-0.828797 0.564509 -3.6609e-06
-0.832349 0.559356 -3.45383e-06
-0.835868 0.55418 -3.24645e-06
-0.839353 0.548982 -3.03875e-06
-0.842805 0.543762 -2.83075e-06
-0.846222 0.53852 -2.62246e-06
-0.849606 0.533257 -2.41388e-06
-0.852956 0.527972 -2.20503e-06
-0.856272 0.522666 -1.99592e-06
-0.859553 0.517339 -1.78655e-06
-0.8628 0.511992 -1.57694e-06
-0.866013 0.506624 -1.36709e-06
-0.869191 0.501236 -1.15702e-06
-0.872334 0.495827 -9.46726e-07
-0.875442 0.490399 -7.36231e-07
-0.878515 0.484951 -5.25539e-07
-0.881553 0.479484 -3.14661e-07
-0.884555 0.473997 -1.03607e-07
-0.887523 0.468492 1.07614e-07
-0.890454 0.462967 3.18993e-07
-0.89335 0.457425 5.30518e-07
-0.89621 0.451863 7.4218e-07
-0.899035 0.446284 9.5397e-07
-0.901823 0.440687 1.16588e-06
-0.904575 0.435072 1.37789e-06
-0.907291 0.42944 1.59e-06
-0.909971 0.423791 1.8022e-06
-0.912614 0.418124 2.01448e-06
-0.915221 0.412441 2.22682e-06
-0.917791 0.406742 2.43923e-06
-0.920324 0.401026 2.65168e-06
-0.92282 0.395294 2.86416e-06
-0.92528 0.389546 3.07668e-06
-0.927702 0.383782 3.28921e-06
-0.930088 0.378003 3.50175e-06
-0.932436 0.37221 3.71429e-06
-0.934746 0.366401 3.92681e-06
-0.93702 0.360577 4.13931e-06
-0.939255 0.354739 4.35178e-06
-0.941454 0.348887 4.56421e-06
-0.943614 0.343021 4.77659e-06
-0.945737 0.337141 4.9889e-06
-0.947821 0.331247 5.20114e-06
-0.949868 0.325341 5.41329e-06
-0.951877 0.319421 5.62535e-06
-0.953848 0.313488 5.83731e-06
-0.95578 0.307543 6.04916e-06
-0.957675 0.301586 6.26088e-06
-0.959531 0.295616 6.47247e-06
-0.961348 0.289635 6.68391e-06
-0.963127 0.283642 6.8952e-06
-0.964867 0.277638 7.10633e-06
-0.966569 0.271622 7.31729e-06
-0.968232 0.265596 7.52806e-06
-0.969857 0.259559 7.73863e-06
-0.971442 0.253512 7.949e-06
-0.972989 0.247454 8.15916e-06
-0.974496 0.241387 8.3691e-06
-0.975965 0.235309 8.5788e-06
-0.977394 0.229223 8.78825e-06
-0.978785 0.223127 8.99745e-06
-0.980136 0.217022 9.20639e-06
-0.981448 0.210909 9.41505e-06
-0.982721 0.204787 9.62343e-06
-0.983954 0.198657 9.83151e-06
-0.985148 0.192519 1.00393e-05
-0.986302 0.186373 1.02468e-05
-0.987417 0.18022 1.04539e-05
-0.988493 0.17406 1.06607e-05
-0.989529 0.167893 1.08672e-05
-0.990525 0.161718 1.10733e-05
-0.991481 0.155538 1.1279e-05
-0.992398 0.149351 1.14844e-05
-0.993275 0.143158 1.16894e-05
-0.994113 0.13696 1.1894e-05
-0.99491 0.130756 1.20981e-05
-0.995668 0.124546 1.23019e-05
-0.996386 0.118332 1.25053e-05
-0.997064 0.112113 1.27082e-05
-0.997702 0.105889 1.29107e-05
-0.9983 0.0996615 1.31127e-05
-0.998858 0.0934298 1.33142e-05
-0.999376 0.0871942 1.35153e-05
-0.999854 0.0809552 1.37159e-05
-1.00029 0.0747129 1.3916e-05
-1.00069 0.0684676 1.41157e-05
-1.00105 0.0622196 1.43148e-05
-1.00137 0.0559691 1.45133e-05
-1.00164 0.0497163 1.47114e-05
-1.00188 0.0434615 1.49089e-05
-1.00208 0.037205 1.51059e-05
-1.00224 0.030947 1.53023e-05
-1.00235 0.0246877 1.54981e-05
-1.00243 0.0184274 1.56933e-05
-1.00247 0.0121664 1.5888e-05
-1.00246 0.00590492 1.60821e-05
-1.00242 -0.00035683 1.62755e-05
-1.00234 -0.00661857 1.64684e-05
-1.00221 -0.0128801 1.66606e-05
-1.00205 -0.019141 1.68522e-05
-1.00185 -0.0254013 1.70432e-05
-1.0016 -0.0316605 1.72335e-05
-1.00132 -0.0379184 1.74231e-05
-1.00099 -0.0441749 1.7612e-05
-1.00063 -0.0504295 1.78003e-05
-1.00023 -0.0566822 1.79879e-05
-0.999782 -0.0629326 1.81748e-05
-0.999297 -0.0691805 1.8361e-05
-0.998773 -0.0754257 1.85465e-05
-0.998208 -0.0816678 1.87312e-05
-0.997604 -0.0879066 1.89152e-05
-0.99696 -0.094142 1.90985e-05
-0.996275 -0.100374 1.9281e-05
-0.995551 -0.106601 1.94628e-05
-0.994787 -0.112824 1.96438e-05
-0.993984 -0.119043 1.9824e-05
-0.99314 -0.125257 2.00034e-05
-0.992257 -0.131466 2.0182e-05
-0.991333 -0.13767 2.03598e-05
-0.990371 -0.143868 2.05368e-05
-0.989368 -0.150061 2.0713e-05
-0.988326 -0.156247 2.08884e-05
-0.987244 -0.162428 2.10629e-05
-0.986123 -0.168601 2.12366e-05
-0.984962 -0.174769 2.14094e-05
-0.983762 -0.180929 2.15813e-05
-0.982523 -0.187081 2.17524e-05
-0.981244 -0.193227 2.19226e-05
-0.979926 -0.199364 2.20919e-05
-0.978568 -0.205494 2.22604e-05
-0.977172 -0.211615 2.24279e-05
-0.975736 -0.217728 2.25945e-05
-0.974261 -0.223832 2.27602e-05
-0.972748 -0.229928 2.29249e-05
-0.971195 -0.236014 2.30887e-05
-0.969603 -0.24209 2.32516e-05
-0.967973 -0.248157 2.34135e-05
-0.966304 -0.254214 2.35745e-05
-0.964596 -0.260261 2.37345e-05
-0.962849 -0.266298 2.38935e-05
-0.961064 -0.272323 2.40515e-05
-0.95924 -0.278338 2.42086e-05
-0.957378 -0.284342 2.43646e-05
-0.955478 -0.290334 2.45197e-05
-0.95354 -0.296315 2.46737e-05
-0.951563 -0.302284 2.48267e-05
-0.949548 -0.308241 2.49787e-05
-0.947495 -0.314185 2.51296e-05
-0.945404 -0.320117 2.52795e-05
-0.943275 -0.326036 2.54284e-05
-0.941109 -0.331942 2.55762e-05
-0.938905 -0.337835 2.57229e-05
-0.936663 -0.343714 2.58686e-05
-0.934384 -0.34958 2.60132e-05
-0.932067 -0.355431 2.61567e-05
-0.929713 -0.361268 2.62991e-05
-0.927322 -0.367091 2.64405e-05
-0.924894 -0.372899 2.65807e-05
-0.922428 -0.378693 2.67198e-05
-0.919926 -0.384471 2.68578e-05
-0.917387 -0.390233 2.69947e-05
-0.914811 -0.39598 2.71304e-05
-0.912198 -0.401711 2.7265e-05
-0.909549 -0.407426 2.73985e-05
-0.906864 -0.413125 2.75308e-05
-0.904142 -0.418807 2.7662e-05
-0.901384 -0.424473 2.7792e-05
-0.89859 -0.430121 2.79208e-05
-0.89576 -0.435753 2.80485e-05
-0.892894 -0.441367 2.8175e-05
-0.889992 -0.446963 2.83003e-05
-0.887055 -0.452541 2.84244e-05
-0.884082 -0.458101 2.85473e-05
-0.881074 -0.463643 2.8669e-05
-0.87803 -0.469166 2.87896e-05
-0.874951 -0.474671 2.89089e-05
-0.871838 -0.480156 2.90269e-05
-0.868689 -0.485623 2.91438e-05
-0.865506 -0.491069 2.92594e-05
-0.862287 -0.496497 2.93738e-05
-0.859035 -0.501904 2.9487e-05
-0.855748 -0.507291 2.95989e-05
-0.852426 -0.512658 2.97096e-05
-0.849071 -0.518005 2.9819e-05
-0.845682 -0.52333 2.99271e-05
-0.842258 -0.528635 3.0034e-05
-0.838801 -0.533919 3.01396e-05
-0.835311 -0.539181 3.0244e-05
-0.831787 -0.544421 3.0347e-05
-0.828229 -0.54964 3.04488e-05
-0.824639 -0.554837 3.05493e-05
-0.821015 -0.560012 3.06485e-05
-0.817359 -0.565164 3.07464e-05
-0.81367 -0.570293 3.08431e-05
-0.809948 -0.5754 3.09384e-05
-0.806194 -0.580484 3.10324e-05
-0.802407 -0.585544 3.1125e-05
-0.798589 -0.590581 3.12164e-05
-0.794738 -0.595595 3.13065e-05
-0.790856 -0.600584 3.13952e-05
-0.786942 -0.60555 3.14826e-05
-0.782996 -0.610491 3.15687e-05
-0.779019 -0.615408 3.16534e-05
-0.775011 -0.6203 3.17368e-05
-0.770972 -0.625167 3.18188e-05
-0.766902 -0.63001 3.18996e-05
-0.762801 -0.634827 3.19789e-05
-0.75867 -0.639618 3.20569e-05
-0.754508 -0.644385 3.21336e-05
-0.750316 -0.649125 3.22089e-05
-0.746094 -0.653839 3.22828e-05
-0.741842 -0.658527 3.23554e-05
-0.737561 -0.663189 3.24265e-05
-0.73325 -0.667824 3.24964e-05
-0.728909 -0.672433 3.25648e-05
-0.72454 -0.677014 3.26319e-05
-0.720141 -0.681569 3.26976e-05
-0.715714 -0.686096 3.27619e-05
-0.711258 -0.690596 3.28249e-05
-0.706773 -0.695068 3.28864e-05
-0.70226 -0.699512 3.29466e-05
-0.697719 -0.703928 3.30054e-05
-0.69315 -0.708316 3.30627e-05
-0.688554 -0.712676 3.31187e-05
-0.683929 -0.717007 3.31733e-05
-0.679278 -0.72131 3.32265e-05
-0.674599 -0.725583 3.32783e-05
-0.669893 -0.729828 3.33287e-05
-0.66516 -0.734043 3.33777e-05
-0.660401 -0.738229 3.34253e-05
-0.655615 -0.742386 3.34715e-05
-0.650803 -0.746512 3.35162e-05
-0.645965 -0.750609 3.35596e-05
-0.641101 -0.754676 3.36015e-05
-0.636211 -0.758712 3.36421e-05
-0.631296 -0.762719 3.36812e-05
-0.626356 -0.766694 3.37189e-05
-0.62139 -0.770639 3.37552e-05
-0.6164 -0.774553 3.37901e-05
-0.611385 -0.778436 3.38236e-05
-0.606345 -0.782288 3.38556e-05
-0.601281 -0.786109 3.38862e-05
-0.596194 -0.789898 3.39155e-05
-0.591082 -0.793656 3.39432e-05
-0.585946 -0.797381 3.39696e-05
-0.580787 -0.801075 3.39946e-05
-0.575605 -0.804737 3.40181e-05
-0.5704 -0.808366 3.40402e-05
-0.565172 -0.811963 3.40609e-05
-0.559921 -0.815528 3.40802e-05
-0.554648 -0.81906 3.4098e-05
-0.549353 -0.822559 3.41145e-05
-0.544036 -0.826026 3.41295e-05
-0.538697 -0.829459 3.41431e-05
-0.533336 -0.832859 3.41552e-05
-0.527954 -0.836226 3.4166e-05
-0.522551 -0.839559 3.41753e-05
-0.517127 -0.842858 3.41832e-05
-0.511682 -0.846124 3.41897e-05
-0.506217 -0.849356 3.41948e-05
-0.500731 -0.852554 3.41985e-05
-0.495225 -0.855718 3.42007e-05
-0.4897 -0.858847 3.42016e-05
-0.484155 -0.861943 3.4201e-05
-0.47859 -0.865003 3.4199e-05
-0.473007 -0.868029 3.41956e-05
-0.467404 -0.871021 3.41908e-05
-0.461783 -0.873977 3.41845e-05
-0.456143 -0.876899 3.41769e-05
-0.450485 -0.879785 3.41679e-05
-0.444809 -0.882636 3.41575e-05
-0.439115 -0.885452 3.41456e-05
-0.433404 -0.888232 3.41324e-05
-0.427675 -0.890977 3.41177e-05
-0.421929 -0.893686 3.41017e-05
-0.416166 -0.896359 3.40843e-05
-0.410387 -0.898997 3.40654e-05
-0.404591 -0.901598 3.40452e-05
-0.398779 -0.904163 3.40236e-05
-0.392951 -0.906693 3.40006e-05
-0.387107 -0.909185 3.39762e-05
-0.381248 -0.911642 3.39505e-05
-0.375373 -0.914062 3.39233e-05
-0.369484 -0.916445 3.38948e-05
-0.363579 -0.918792 3.38649e-05
-0.35766 -0.921102 3.38337e-05
-0.351727 -0.923375 3.3801e-05
-0.345779 -0.925611 3.3767e-05
-0.339818 -0.92781 3.37317e-05
-0.333843 -0.929971 3.3695e-05
-0.327855 -0.932096 3.36569e-05
-0.321854 -0.934183 3.36174e-05
-0.31584 -0.936233 3.35767e-05
-0.309813 -0.938246 3.35345e-05
-0.303774 -0.94022 3.3491e-05
-0.297722 -0.942158 3.34462e-05
-0.291659 -0.944057 3.34001e-05
-0.285584 -0.945919 3.33526e-05
-0.279497 -0.947743 3.33038e-05
-0.2734 -0.949528 3.32536e-05
-0.267291 -0.951276 3.32021e-05
-0.261172 -0.952986 3.31493e-05
-0.255042 -0.954658 3.30952e-05
-0.248902 -0.956291 3.30398e-05
-0.242752 -0.957886 3.29831e-05
-0.236592 -0.959443 3.2925e-05
-0.230423 -0.960961 3.28657e-05
-0.224245 -0.962441 3.28051e-05
-0.218058 -0.963882 3.27431e-05
-0.211862 -0.965285 3.26799e-05
-0.205657 -0.966649 3.26154e-05
-0.199444 -0.967975 3.25497e-05
-0.193223 -0.969261 3.24826e-05
-0.186995 -0.970509 3.24143e-05
-0.180759 -0.971718 3.23447e-05
-0.174516 -0.972888 3.22739e-05
-0.168266 -0.974019 3.22018e-05
-0.162009 -0.975112 3.21284e-05
-0.155745 -0.976165 3.20538e-05
-0.149475 -0.977179 3.1978e-05
-0.1432 -0.978154 3.19009e-05
-0.136918 -0.979089 3.18226e-05
-0.130632 -0.979986 3.17431e-05
-0.12434 -0.980843 3.16624e-05
-0.118042 -0.981661 3.15804e-05
-0.111741 -0.98244 3.14972e-05
-0.105434 -0.983179 3.14129e-05
-0.0991239 -0.983879 3.13273e-05
-0.0928094 -0.98454 3.12405e-05
-0.0864913 -0.985161 3.11526e-05
-0.0801696 -0.985743 3.10635e-05
-0.0738448 -0.986285 3.09731e-05
-0.067517 -0.986788 3.08817e-05
-0.0611865 -0.987252 3.0789e-05
-0.0548536 -0.987675 3.06952e-05
-0.0485184 -0.98806 3.06003e-05
-0.0421813 -0.988404 3.05041e-05
-0.0358426 -0.988709 3.04069e-05
-0.0295024 -0.988975 3.03085e-05
-0.023161 -0.989201 3.0209e-05
-0.0168187 -0.989387 3.01084e-05
-0.0104757 -0.989534 3.00066e-05
-0.00413233 -0.989641 2.99038e-05
0.00221122 -0.989709 2.97998e-05
0.00855468 -0.989737 2.96947e-05
0.0148978 -0.989725 2.95886e-05
0.0212403 -0.989673 2.94813e-05
0.027582 -0.989582 2.9373e-05
0.0339225 -0.989452 2.92636e-05
0.0402617 -0.989282 2.91532e-05
0.0465993 -0.989072 2.90417e-05
0.052935 -0.988822 2.89291e-05
0.0592686 -0.988533 2.88155e-05
0.0655998 -0.988205 2.87009e-05
0.0719284 -0.987837 2.85852e-05
0.0782541 -0.987429 2.84685e-05
0.0845767 -0.986982 2.83508e-05
0.0908958 -0.986495 2.82321e-05
0.0972114 -0.985969 2.81123e-05
0.103523 -0.985403 2.79916e-05
0.10983 -0.984798 2.78699e-05
0.116134 -0.984153 2.77472e-05
0.122432 -0.983469 2.76235e-05
0.128726 -0.982746 2.74989e-05
0.135014 -0.981983 2.73733e-05
0.141297 -0.981181 2.72468e-05
0.147574 -0.98034 2.71193e-05
0.153846 -0.979459 2.69908e-05
0.160111 -0.978539 2.68615e-05
0.16637 -0.977581 2.67312e-05
0.172622 -0.976582 2.66e-05
0.178867 -0.975545 2.64679e-05
0.185105 -0.974469 2.63349e-05
0.191336 -0.973354 2.6201e-05
0.197559 -0.9722 2.60662e-05
0.203774 -0.971006 2.59306e-05
0.209981 -0.969774 2.57941e-05
0.216179 -0.968504 2.56567e-05
0.222369 -0.967194 2.55185e-05
0.22855 -0.965846 2.53794e-05
0.234721 -0.964459 2.52395e-05
0.240884 -0.963033 2.50987e-05
0.247037 -0.961569 2.49572e-05
0.253179 -0.960066 2.48148e-05
0.259312 -0.958525 2.46716e-05
0.265434 -0.956946 2.45277e-05
0.271546 -0.955328 2.43829e-05
0.277647 -0.953672 2.42374e-05
0.283736 -0.951978 2.40911e-05
0.289815 -0.950245 2.3944e-05
0.295881 -0.948475 2.37961e-05
0.301936 -0.946667 2.36476e-05
0.307979 -0.94482 2.34983e-05
0.314009 -0.942936 2.33482e-05
0.320027 -0.941015 2.31974e-05
0.326032 -0.939055 2.3046e-05
0.332024 -0.937058 2.28938e-05
0.338002 -0.935023 2.27409e-05
0.343968 -0.932951 2.25873e-05
0.349919 -0.930842 2.24331e-05
0.355856 -0.928695 2.22782e-05
0.361779 -0.926512 2.21226e-05
0.367688 -0.924291 2.19664e-05
0.373581 -0.922033 2.18095e-05
0.37946 -0.919738 2.1652e-05
0.385324 -0.917406 2.14938e-05
0.391172 -0.915038 2.13351e-05
0.397005 -0.912633 2.11757e-05
0.402821 -0.910191 2.10157e-05
0.408622 -0.907714 2.08552e-05
0.414406 -0.905199 2.0694e-05
0.420173 -0.902649 2.05323e-05
0.425924 -0.900062 2.037e-05
0.431658 -0.897439 2.02072e-05
0.437374 -0.894781 2.00438e-05
0.443073 -0.892086 1.98798e-05
0.448754 -0.889356 1.97154e-05
0.454417 -0.88659 1.95504e-05
0.460062 -0.883789 1.93849e-05
0.465688 -0.880952 1.92189e-05
0.471296 -0.87808 1.90524e-05
0.476885 -0.875173 1.88854e-05
0.482455 -0.872231 1.87179e-05
0.488006 -0.869254 1.855e-05
0.493537 -0.866242 1.83816e-05
0.499048 -0.863196 1.82128e-05
0.504539 -0.860115 1.80435e-05
0.51001 -0.856999 1.78738e-05
0.51546 -0.85385 1.77036e-05
0.52089 -0.850666 1.75331e-05
0.526299 -0.847448 1.73621e-05
0.531687 -0.844196 1.71908e-05
0.537054 -0.84091 1.7019e-05
0.542399 -0.837591 1.68469e-05
0.547723 -0.834238 1.66744e-05
0.553024 -0.830851 1.65016e-05
0.558303 -0.827432 1.63284e-05
0.56356 -0.823979 1.61549e-05
0.568795 -0.820493 1.5981e-05
0.574006 -0.816975 1.58068e-05
0.579195 -0.813424 1.56323e-05
0.58436 -0.80984 1.54575e-05
0.589503 -0.806224 1.52824e-05
0.594621 -0.802575 1.5107e-05
0.599715 -0.798895 1.49313e-05
0.604786 -0.795182 1.47553e-05
0.609832 -0.791437 1.45791e-05
0.614854 -0.787661 1.44027e-05
0.619852 -0.783854 1.4226e-05
0.624824 -0.780015 1.4049e-05
0.629771 -0.776145 1.38719e-05
0.634694 -0.772243 1.36945e-05
0.63959 -0.768311 1.35169e-05
0.644462 -0.764348 1.33391e-05
0.649307 -0.760354 1.31612e-05
0.654126 -0.75633 1.2983e-05
0.658919 -0.752276 1.28047e-05
0.663686 -0.748192 1.26263e-05
0.668426 -0.744078 1.24476e-05
0.67314 -0.739933 1.22689e-05
0.677826 -0.73576 1.209e-05
0.682485 -0.731556 1.1911e-05
0.687117 -0.727324 1.17318e-05
0.691722 -0.723062 1.15526e-05
0.696298 -0.718772 1.13733e-05
0.700847 -0.714453 1.11938e-05
0.705368 -0.710105 1.10143e-05
0.70986 -0.705728 1.08347e-05
0.714324 -0.701324 1.06551e-05
0.71876 -0.696891 1.04754e-05
0.723167 -0.692431 1.02957e-05
0.727544 -0.687943 1.01159e-05
0.731893 -0.683427 9.93612e-06
0.736212 -0.678884 9.7563e-06
0.740502 -0.674313 9.57648e-06
0.744762 -0.669716 9.39667e-06
0.748992 -0.665092 9.21686e-06
0.753192 -0.660441 9.03707e-06
0.757362 -0.655764 8.8573e-06
0.761502 -0.651061 8.67758e-06
0.765611 -0.646331 8.49789e-06
0.76969 -0.641576 8.31827e-06
0.773738 -0.636795 8.1387e-06
0.777754 -0.631989 7.9592e-06
0.78174 -0.627157 7.77979e-06
0.785694 -0.6223 7.60046e-06
0.789617 -0.617418 7.42123e-06
0.793508 -0.612512 7.24211e-06
0.797368 -0.607581 7.0631e-06
0.801195 -0.602625 6.88421e-06
0.80499 -0.597646 6.70545e-06
0.808754 -0.592643 6.52684e-06
0.812484 -0.587616 6.34837e-06
0.816182 -0.582565 6.17006e-06
0.819848 -0.577491 5.99191e-06
0.823481 -0.572394 5.81394e-06
0.82708 -0.567274 5.63615e-06
0.830647 -0.562132 5.45855e-06
0.83418 -0.556967 5.28115e-06
0.83768 -0.551779 5.10396e-06
0.841146 -0.54657 4.92699e-06
0.844579 -0.541338 4.75023e-06
0.847978 -0.536085 4.57371e-06
0.851342 -0.530811 4.39743e-06
0.854673 -0.525515 4.2214e-06
0.85797 -0.520199 4.04563e-06
0.861232 -0.514861 3.87012e-06
0.864459 -0.509503 3.69488e-06
0.867652 -0.504124 3.51993e-06
0.87081 -0.498726 3.34526e-06
0.873934 -0.493307 3.1709e-06
0.877022 -0.487869 2.99683e-06
0.880075 -0.482411 2.82308e-06
0.883093 -0.476933 2.64966e-06
0.886076 -0.471437 2.47656e-06
0.889023 -0.465922 2.30379e-06
0.891935 -0.460388 2.13138e-06
0.89481 -0.454836 1.95931e-06
0.89765 -0.449266 1.78761e-06
0.900454 -0.443677 1.61627e-06
0.903222 -0.438071 1.44531e-06
0.905954 -0.432447 1.27474e-06
0.908649 -0.426806 1.10455e-06
0.911308 -0.421148 9.34765e-07
0.913931 -0.415474 7.65385e-07
0.916517 -0.409782 5.96419e-07
0.919066 -0.404074 4.27875e-07
0.921578 -0.39835 2.59759e-07
0.924054 -0.39261 9.20797e-08
0.926492 -0.386854 -7.5156e-08
0.928894 -0.381083 -2.41941e-07
0.931258 -0.375297 -4.08267e-07
0.933585 -0.369495 -5.74128e-07
0.935874 -0.363679 -7.39516e-07
0.938126 -0.357848 -9.04424e-07
0.940341 -0.352003 -1.06884e-06
0.942517 -0.346144 -1.23277e-06
0.944656 -0.340271 -1.3962e-06
0.946757 -0.334385 -1.55911e-06
0.948821 -0.328485 -1.72151e-06
0.950846 -0.322572 -1.88339e-06
0.952833 -0.316646 -2.04474e-06
0.954782 -0.310707 -2.20555e-06
0.956693 -0.304756 -2.36582e-06
0.958565 -0.298793 -2.52554e-06
0.960399 -0.292817 -2.68471e-06
0.962195 -0.286831 -2.84331e-06
0.963952 -0.280832 -3.00134e-06
0.96567 -0.274823 -3.15879e-06
0.96735 -0.268802 -3.31566e-06
0.968991 -0.262771 -3.47194e-06
0.970593 -0.256729 -3.62763e-06
0.972156 -0.250677 -3.78271e-06
0.97368 -0.244615 -3.93718e-06
0.975166 -0.238543 -4.09104e-06
0.976612 -0.232461 -4.24428e-06
0.978019 -0.22637 -4.39689e-06
0.979387 -0.220271 -4.54886e-06
0.980716 -0.214162 -4.70019e-06
0.982005 -0.208045 -4.85088e-06
0.983256 -0.20192 -5.00091e-06
0.984466 -0.195786 -5.15029e-06
0.985638 -0.189645 -5.299e-06
0.986769 -0.183496 -5.44704e-06
0.987862 -0.17734 -5.5944e-06
0.988914 -0.171176 -5.74108e-06
0.989928 -0.165006 -5.88707e-06
0.990901 -0.158829 -6.03237e-06
0.991835 -0.152646 -6.17696e-06
0.992729 -0.146457 -6.32086e-06
0.993583 -0.140262 -6.46404e-06
0.994398 -0.134062 -6.6065e-06
0.995172 -0.127856 -6.74824e-06
0.995907 -0.121645 -6.88926e-06
0.996602 -0.115429 -7.02954e-06
0.997257 -0.109208 -7.16908e-06
0.997872 -0.102983 -7.30788e-06
0.998447 -0.0967544 -7.44592e-06
0.998982 -0.0905216 -7.58322e-06
0.999477 -0.0842852 -7.71975e-06
0.999932 -0.0780455 -7.85552e-06
1.00035 -0.0718026 -7.99052e-06
1.00072 -0.0655569 -8.12474e-06
1.00106 -0.0593085 -8.25819e-06
1.00135 -0.0530579 -8.39084e-06
1.00161 -0.0468051 -8.52271e-06
1.00182 -0.0405505 -8.65379e-06
1.002 -0.0342942 -8.78406e-06
1.00213 -0.0280366 -8.91353e-06
1.00222 -0.021778 -9.04219e-06
1.00228 -0.0155184 -9.17003e-06
1.00229 -0.00925829 -9.29706e-06
1.00227 -0.00299781 -9.42326e-06
1.0022 0.00326277 -9.54864e-06
1.00209 0.0095232 -9.67318e-06
1.00195 0.0157832 -9.79689e-06
1.00176 0.0220426 -9.91976e-06
1.00153 0.028301 -1.00418e-05
1.00126 0.0345584 -1.01629e-05
1.00096 0.0408143 -1.02833e-05
1.00061 0.0470685 -1.04027e-05
1.00022 0.0533208 -1.05213e-05
0.999795 0.059571 -1.06391e-05
0.999328 0.0658188 -1.07559e-05
0.99882 0.0720639 -1.08719e-05
0.998272 0.0783061 -1.0987e-05
0.997685 0.0845451 -1.11012e-05
0.997057 0.0907807 -1.12146e-05
0.99639 0.0970127 -1.1327e-05
0.995683 0.103241 -1.14386e-05
0.994935 0.109465 -1.15493e-05
0.994148 0.115684 -1.1659e-05
0.993321 0.121899 -1.17679e-05
0.992455 0.128109 -1.18758e-05
0.991548 0.134314 -1.19829e-05
0.990602 0.140513 -1.2089e-05
0.989616 0.146707 -1.21942e-05
0.988591 0.152895 -1.22985e-05
0.987526 0.159076 -1.24018e-05
0.986421 0.165252 -1.25043e-05
0.985277 0.17142 -1.26058e-05
0.984093 0.177582 -1.27063e-05
0.98287 0.183737 -1.2806e-05
0.981608 0.189884 -1.29047e-05
0.980306 0.196024 -1.30024e-05
0.978965 0.202155 -1.30992e-05
0.977585 0.208279 -1.31951e-05
0.976166 0.214394 -1.329e-05
0.974707 0.220501 -1.33839e-05
0.97321 0.226599 -1.34769e-05
0.971673 0.232687 -1.35689e-05
0.970098 0.238767 -1.366e-05
0.968484 0.244836 -1.37501e-05
0.966831 0.250896 -1.38393e-05
0.965139 0.256946 -1.39274e-05
0.963409 0.262986 -1.40146e-05
0.96164 0.269015 -1.41008e-05
0.959832 0.275033 -1.41861e-05
0.957986 0.28104 -1.42703e-05
0.956102 0.287036 -1.43536e-05
0.954179 0.29302 -1.44359e-05
0.952218 0.298993 -1.45172e-05
0.950219 0.304953 -1.45976e-05
0.948182 0.310902 -1.46769e-05
0.946107 0.316837 -1.47552e-05
0.943994 0.322761 -1.48326e-05
0.941843 0.328671 -1.49089e-05
0.939655 0.334568 -1.49843e-05
0.937429 0.340451 -1.50587e-05
0.935165 0.346321 -1.5132e-05
0.932864 0.352177 -1.52044e-05
0.930526 0.358019 -1.52757e-05
0.92815 0.363847 -1.53461e-05
0.925737 0.36966 -1.54154e-05
0.923287 0.375458 -1.54837e-05
0.9208 0.381241 -1.5551e-05
0.918276 0.387009 -1.56173e-05
0.915715 0.392761 -1.56826e-05
0.913118 0.398497 -1.57469e-05
0.910484 0.404218 -1.58102e-05
0.907814 0.409922 -1.58724e-05
0.905107 0.41561 -1.59336e-05
0.902364 0.421281 -1.59939e-05
0.899585 0.426936 -1.6053e-05
0.89677 0.432573 -1.61112e-05
0.893918 0.438192 -1.61684e-05
0.891032 0.443795 -1.62245e-05
0.888109 0.449379 -1.62796e-05
0.885151 0.454945 -1.63336e-05
0.882157 0.460494 -1.63867e-05
0.879128 0.466023 -1.64387e-05
0.876064 0.471534 -1.64897e-05
0.872965 0.477026 -1.65397e-05
0.86983 0.482499 -1.65886e-05
0.866661 0.487953 -1.66365e-05
0.863458 0.493387 -1.66834e-05
0.860219 0.498801 -1.67293e-05
0.856946 0.504196 -1.67741e-05
