1.38956 -0.0336855 -0.0348026
1.38987 -0.0281426 -0.0346941
1.39016 -0.0225994 -0.034585
1.39043 -0.0170558 -0.0344754
1.39067 -0.0115119 -0.0343653
1.3909 -0.00596794 -0.0342547
1.39111 -0.000423838 -0.0341436
1.39129 0.00512027 -0.034032
1.39146 0.0106643 -0.0339199
1.3916 0.0162082 -0.0338073
1.39173 0.0217518 -0.0336942
1.39183 0.0272951 -0.0335806
1.39192 0.032838 -0.0334665
1.39198 0.0383805 -0.0333519
1.39202 0.0439223 -0.0332369
1.39205 0.0494635 -0.0331213
1.39205 0.055004 -0.0330053
1.39203 0.0605437 -0.0328887
1.39199 0.0660825 -0.0327717
1.39193 0.0716203 -0.0326542
1.39185 0.0771571 -0.0325363
1.39175 0.0826927 -0.0324178
1.39163 0.0882271 -0.0322989
1.39149 0.0937603 -0.0321795
1.39133 0.099292 -0.0320596
1.39115 0.104822 -0.0319393
1.39095 0.110351 -0.0318185
1.39072 0.115878 -0.0316972
1.39048 0.121404 -0.0315754
1.39022 0.126927 -0.0314532
1.38993 0.132449 -0.0313306
1.38963 0.137969 -0.0312074
1.3893 0.143487 -0.0310838
1.38896 0.149002 -0.0309598
1.38859 0.154516 -0.0308353
1.38821 0.160027 -0.0307103
1.3878 0.165536 -0.0305849
1.38737 0.171042 -0.0304591
1.38693 0.176546 -0.0303328
1.38646 0.182048 -0.030206
1.38597 0.187546 -0.0300788
1.38546 0.193042 -0.0299512
1.38494 0.198535 -0.0298231
1.38439 0.204026 -0.0296946
1.38382 0.209513 -0.0295657
1.38323 0.214997 -0.0294363
1.38262 0.220478 -0.0293065
1.38199 0.225955 -0.0291762
1.38134 0.23143 -0.0290456
1.38067 0.236901 -0.0289145
1.37998 0.242368 -0.0287829
1.37926 0.247832 -0.028651
1.37853 0.253292 -0.0285186
1.37778 0.258749 -0.0283858
1.37701 0.264202 -0.0282526
1.37622 0.269651 -0.028119
1.3754 0.275096 -0.027985
1.37457 0.280536 -0.0278506
1.37372 0.285973 -0.0277157
1.37285 0.291406 -0.0275804
1.37195 0.296834 -0.0274448
1.37104 0.302258 -0.0273087
1.37011 0.307677 -0.0271722
1.36915 0.313092 -0.0270354
1.36818 0.318503 -0.0268981
1.36719 0.323908 -0.0267605
1.36617 0.329309 -0.0266224
1.36514 0.334705 -0.026484
1.36408 0.340097 -0.0263451
1.36301 0.345483 -0.0262059
1.36192 0.350864 -0.0260663
1.3608 0.35624 -0.0259263
1.35967 0.361611 -0.025786
1.35851 0.366976 -0.0256452
1.35734 0.372336 -0.0255041
1.35615 0.377691 -0.0253626
1.35493 0.38304 -0.0252207
1.3537 0.388383 -0.0250785
1.35244 0.393721 -0.0249359
1.35117 0.399052 -0.0247929
1.34988 0.404378 -0.0246496
1.34856 0.409699 -0.0245059
1.34723 0.415013 -0.0243618
1.34588 0.420321 -0.0242174
1.34451 0.425622 -0.0240726
1.34311 0.430918 -0.0239275
1.3417 0.436207 -0.023782
1.34027 0.44149 -0.0236362
1.33882 0.446766 -0.02349
1.33735 0.452036 -0.0233435
1.33586 0.457299 -0.0231966
1.33435 0.462555 -0.0230494
1.33282 0.467805 -0.0229019
1.33127 0.473048 -0.022754
1.3297 0.478284 -0.0226058
1.32811 0.483512 -0.0224572
1.3265 0.488734 -0.0223083
1.32487 0.493948 -0.0221591
1.32323 0.499156 -0.0220096
1.32156 0.504356 -0.0218598
1.31987 0.509548 -0.0217096
1.31817 0.514733 -0.0215591
1.31644 0.51991 -0.0214083
1.3147 0.52508 -0.0212572
1.31294 0.530242 -0.0211057
1.31116 0.535397 -0.020954
1.30935 0.540543 -0.0208019
1.30753 0.545682 -0.0206496
1.30569 0.550812 -0.0204969
1.30383 0.555934 -0.0203439
1.30195 0.561049 -0.0201907
1.30006 0.566155 -0.0200371
1.29814 0.571252 -0.0198833
1.2962 0.576342 -0.0197291
1.29425 0.581422 -0.0195747
1.29227 0.586495 -0.01942
1.29028 0.591558 -0.0192649
1.28827 0.596613 -0.0191097
1.28624 0.601659 -0.0189541
1.28419 0.606697 -0.0187982
1.28212 0.611725 -0.0186421
1.28003 0.616745 -0.0184857
1.27793 0.621755 -0.018329
1.2758 0.626756 -0.0181721
1.27366 0.631748 -0.0180149
1.2715 0.636731 -0.0178574
1.26932 0.641705 -0.0176997
1.26712 0.646669 -0.0175417
1.2649 0.651623 -0.0173834
1.26266 0.656568 -0.0172249
1.26041 0.661503 -0.0170662
1.25813 0.666429 -0.0169072
1.25584 0.671345 -0.0167479
1.25353 0.676251 -0.0165884
1.2512 0.681147 -0.0164286
1.24885 0.686033 -0.0162687
1.24649 0.690909 -0.0161084
1.2441 0.695774 -0.015948
1.2417 0.70063 -0.0157873
1.23928 0.705475 -0.0156263
1.23684 0.71031 -0.0154652
1.23438 0.715134 -0.0153038
1.23191 0.719948 -0.0151422
1.22941 0.724752 -0.0149803
1.2269 0.729544 -0.0148183
1.22437 0.734326 -0.014656
1.22182 0.739098 -0.0144935
1.21926 0.743858 -0.0143308
1.21668 0.748607 -0.0141679
1.21407 0.753346 -0.0140048
1.21146 0.758073 -0.0138414
1.20882 0.76279 -0.0136779
1.20616 0.767495 -0.0135142
1.20349 0.772188 -0.0133503
1.2008 0.776871 -0.0131861
1.19809 0.781542 -0.0130218
1.19537 0.786201 -0.0128573
1.19263 0.790849 -0.0126926
1.18987 0.795486 -0.0125277
1.18709 0.80011 -0.0123626
1.18429 0.804723 -0.0121974
1.18148 0.809324 -0.012032
1.17865 0.813914 -0.0118664
1.1758 0.818491 -0.0117006
1.17294 0.823056 -0.0115346
1.17006 0.827609 -0.0113685
1.16716 0.83215 -0.0112022
1.16424 0.836679 -0.0110358
1.16131 0.841196 -0.0108691
1.15836 0.8457 -0.0107024
1.15539 0.850191 -0.0105354
1.15241 0.854671 -0.0103683
1.14941 0.859137 -0.0102011
1.14639 0.863591 -0.0100337
1.14335 0.868033 -0.00986618
1.1403 0.872461 -0.00969849
1.13723 0.876877 -0.00953067
1.13415 0.88128 -0.0093627
1.13105 0.88567 -0.0091946
1.12793 0.890047 -0.00902636
1.12479 0.894411 -0.00885799
1.12164 0.898762 -0.00868949
1.11847 0.903099 -0.00852087
1.11529 0.907423 -0.00835211
1.11209 0.911734 -0.00818324
1.10887 0.916032 -0.00801424
1.10564 0.920316 -0.00784513
1.10239 0.924587 -0.0076759
1.09912 0.928844 -0.00750656
1.09584 0.933087 -0.0073371
1.09254 0.937317 -0.00716754
1.08923 0.941533 -0.00699788
1.0859 0.945735 -0.00682811
1.08255 0.949923 -0.00665824
1.07919 0.954097 -0.00648828
1.07581 0.958257 -0.00631822
1.07242 0.962403 -0.00614806
1.06901 0.966535 -0.00597782
1.06558 0.970653 -0.00580748
1.06214 0.974757 -0.00563707
1.05869 0.978846 -0.00546657
1.05522 0.982921 -0.00529599
1.05173 0.986981 -0.00512533
1.04823 0.991027 -0.00495459
1.04471 0.995059 -0.00478379
1.04117 0.999075 -0.00461291
1.03762 1.00308 -0.00444196
1.03406 1.00706 -0.00427095
1.03048 1.01104 -0.00409988
1.02689 1.01499 -0.00392875
1.02328 1.01894 -0.00375756
1.01965 1.02287 -0.00358631
1.01601 1.02678 -0.00341501
1.01236 1.03068 -0.00324366
1.00869 1.03456 -0.00307227
1.00501 1.03843 -0.00290083
1.00131 1.04228 -0.00272934
0.997593 1.04611 -0.00255782
0.993865 1.04994 -0.00238626
0.990122 1.05374 -0.00221466
0.986365 1.05753 -0.00204303
0.982593 1.06131 -0.00187137
0.978807 1.06507 -0.00169968
0.975006 1.06881 -0.00152797
0.971191 1.07254 -0.00135624
0.967362 1.07625 -0.00118448
0.963518 1.07995 -0.00101271
0.959661 1.08363 -0.000840922
0.955789 1.08729 -0.000669123
0.951903 1.09094 -0.000497313
0.948003 1.09457 -0.000325497
0.94409 1.09819 -0.000153676
0.940162 1.10179 1.81479e-05
0.936221 1.10538 0.000189971
0.932266 1.10894 0.000361792
0.928297 1.1125 0.000533607
0.924315 1.11603 0.000705415
0.920319 1.11955 0.000877212
0.916309 1.12305 0.001049
0.912286 1.12654 0.00122076
0.90825 1.13001 0.00139252
0.9042 1.13346 0.00156425
0.900137 1.1369 0.00173595
0.896061 1.14032 0.00190764
0.891971 1.14372 0.00207929
0.887869 1.14711 0.00225091
0.883753 1.15048 0.0024225
0.879625 1.15383 0.00259406
0.875483 1.15716 0.00276558
0.871329 1.16048 0.00293705
0.867162 1.16378 0.00310849
0.862982 1.16707 0.00327987
0.85879 1.17034 0.00345121
0.854585 1.17359 0.0036225
0.850367 1.17682 0.00379374
0.846137 1.18003 0.00396492
0.841894 1.18323 0.00413604
0.837639 1.18641 0.0043071
0.833372 1.18958 0.0044781
0.829093 1.19272 0.00464903
0.824801 1.19585 0.00481989
0.820497 1.19896 0.00499069
0.816181 1.20205 0.00516141
0.811853 1.20513 0.00533205
0.807514 1.20819 0.00550262
0.803162 1.21123 0.0056731
0.798799 1.21425 0.0058435
0.794424 1.21725 0.00601382
0.790037 1.22024 0.00618405
0.785638 1.22321 0.00635418
0.781228 1.22616 0.00652423
0.776807 1.22909 0.00669417
0.772374 1.23201 0.00686402
0.76793 1.2349 0.00703377
0.763474 1.23778 0.00720342
0.759008 1.24064 0.00737296
0.75453 1.24348 0.00754239
0.750041 1.24631 0.00771171
0.745541 1.24911 0.00788091
0.74103 1.2519 0.00805001
0.736508 1.25467 0.00821898
0.731976 1.25742 0.00838783
0.727432 1.26015 0.00855656
0.722878 1.26286 0.00872517
0.718314 1.26556 0.00889364
0.713739 1.26823 0.00906199
0.709153 1.27089 0.0092302
0.704557 1.27353 0.00939827
0.69995 1.27615 0.00956621
0.695334 1.27875 0.00973401
0.690707 1.28133 0.00990167
0.68607 1.2839 0.0100692
0.681422 1.28644 0.0102365
0.676765 1.28897 0.0104037
0.672098 1.29147 0.0105708
0.667421 1.29396 0.0107377
0.662734 1.29643 0.0109045
0.658038 1.29888 0.011071
0.653332 1.30131 0.0112375
0.648616 1.30372 0.0114037
0.64389 1.30612 0.0115698
0.639156 1.30849 0.0117357
0.634412 1.31084 0.0119015
0.629658 1.31318 0.0120671
0.624895 1.31549 0.0122325
0.620123 1.31779 0.0123977
0.615342 1.32007 0.0125627
0.610552 1.32233 0.0127276
0.605753 1.32456 0.0128922
0.600945 1.32678 0.0130567
0.596129 1.32898 0.013221
0.591303 1.33116 0.0133851
0.586469 1.33332 0.013549
0.581626 1.33546 0.0137126
0.576775 1.33758 0.0138761
0.571915 1.33968 0.0140394
0.567047 1.34177 0.0142025
0.56217 1.34383 0.0143654
0.557285 1.34587 0.014528
0.552392 1.34789 0.0146905
0.547491 1.34989 0.0148527
0.542582 1.35188 0.0150147
0.537665 1.35384 0.0151765
0.53274 1.35578 0.0153381
0.527807 1.35771 0.0154994
0.522866 1.35961 0.0156606
0.517918 1.36149 0.0158214
0.512962 1.36336 0.0159821
0.507999 1.3652 0.0161425
0.503028 1.36702 0.0163027
0.49805 1.36883 0.0164627
0.493064 1.37061 0.0166224
0.488071 1.37237 0.0167818
0.483071 1.37411 0.016941
0.478064 1.37584 0.0171
0.47305 1.37754 0.0172587
0.468029 1.37922 0.0174172
0.463001 1.38088 0.0175754
0.457966 1.38252 0.0177333
0.452925 1.38415 0.017891
0.447876 1.38575 0.0180484
0.442822 1.38733 0.0182056
0.43776 1.38889 0.0183625
0.432693 1.39043 0.0185191
0.427619 1.39195 0.0186754
0.422538 1.39344 0.0188315
0.417452 1.39492 0.0189873
0.412359 1.39638 0.0191428
0.407261 1.39782 0.0192981
0.402156 1.39923 0.019453
0.397045 1.40063 0.0196077
0.391929 1.40201 0.0197621
0.386807 1.40336 0.0199161
0.381679 1.4047 0.0200699
0.376546 1.40601 0.0202234
0.371407 1.4073 0.0203766
0.366262 1.40858 0.0205296
0.361112 1.40983 0.0206822
0.355957 1.41106 0.0208345
0.350797 1.41227 0.0209865
0.345631 1.41346 0.0211381
0.340461 1.41463 0.0212895
0.335285 1.41578 0.0214406
0.330104 1.4169 0.0215913
0.324919 1.41801 0.0217418
0.319729 1.4191 0.0218919
0.314534 1.42016 0.0220417
0.309335 1.4212 0.0221911
0.304131 1.42223 0.0223403
0.298922 1.42323 0.0224891
0.293709 1.42421 0.0226376
0.288492 1.42517 0.0227857
0.283271 1.42611 0.0229335
0.278045 1.42703 0.023081
0.272815 1.42793 0.0232282
0.267582 1.4288 0.0233749
0.262344 1.42966 0.0235214
0.257103 1.43049 0.0236675
0.251857 1.43131 0.0238133
0.246609 1.4321 0.0239587
0.241356 1.43287 0.0241038
0.2361 1.43362 0.0242485
0.23084 1.43435 0.0243928
0.225577 1.43506 0.0245368
0.220311 1.43575 0.0246804
0.215042 1.43641 0.0248237
0.209769 1.43706 0.0249666
0.204493 1.43768 0.0251091
0.199214 1.43828 0.0252513
0.193933 1.43887 0.0253931
0.188648 1.43943 0.0255345
0.183361 1.43997 0.0256756
0.178071 1.44048 0.0258163
0.172778 1.44098 0.0259566
0.167483 1.44146 0.0260965
0.162185 1.44191 0.026236
0.156885 1.44235 0.0263751
0.151583 1.44276 0.0265139
0.146278 1.44315 0.0266523
0.140972 1.44352 0.0267902
0.135663 1.44387 0.0269278
0.130352 1.4442 0.027065
0.12504 1.4445 0.0272018
0.119725 1.44479 0.0273382
0.114409 1.44505 0.0274742
0.109091 1.44529 0.0276098
0.103771 1.44552 0.027745
0.0984502 1.44572 0.0278797
0.0931276 1.44589 0.0280141
0.0878037 1.44605 0.028148
0.0824785 1.44619 0.0282816
0.0771521 1.4463 0.0284147
0.0718246 1.4464 0.0285474
0.066496 1.44647 0.0286797
0.0611664 1.44652 0.0288116
0.055836 1.44655 0.028943
0.0505047 1.44656 0.029074
0.0451726 1.44655 0.0292046
0.0398399 1.44652 0.0293348
0.0345067 1.44646 0.0294645
0.0291729 1.44639 0.0295938
0.0238386 1.44629 0.0297227
0.0185041 1.44617 0.0298511
0.0131692 1.44603 0.0299791
0.00783418 1.44587 0.0301066
0.00249902 1.44569 0.0302337
-0.00283617 1.44548 0.0303604
-0.00817133 1.44526 0.0304866
-0.0135064 1.44501 0.0306124
-0.0188412 1.44475 0.0307377
-0.0241758 1.44446 0.0308626
-0.02951 1.44415 0.030987
-0.0348438 1.44382 0.0311109
-0.040177 1.44347 0.0312344
-0.0455097 1.44309 0.0313575
-0.0508417 1.4427 0.0314801
-0.056173 1.44228 0.0316022
-0.0615034 1.44185 0.0317238
-0.066833 1.44139 0.031845
-0.0721615 1.44091 0.0319657
-0.077489 1.44041 0.032086
-0.0828154 1.43989 0.0322058
-0.0881405 1.43935 0.0323251
-0.0934644 1.43878 0.0324439
-0.0987869 1.4382 0.0325623
-0.104108 1.43759 0.0326802
-0.109427 1.43696 0.0327976
-0.114745 1.43632 0.0329145
-0.120062 1.43565 0.0330309
-0.125376 1.43496 0.0331469
-0.130689 1.43424 0.0332623
-0.135999 1.43351 0.0333773
-0.141308 1.43276 0.0334918
-0.146615 1.43198 0.0336058
-0.151919 1.43119 0.0337193
-0.157221 1.43037 0.0338323
-0.162521 1.42953 0.0339448
-0.167819 1.42867 0.0340568
-0.173114 1.42779 0.0341683
-0.178406 1.42689 0.0342793
-0.183696 1.42597 0.0343898
-0.188984 1.42503 0.0344998
-0.194268 1.42407 0.0346093
-0.19955 1.42308 0.0347183
-0.204828 1.42208 0.0348267
-0.210104 1.42105 0.0349347
-0.215377 1.42 0.0350421
-0.220646 1.41894 0.0351491
-0.225912 1.41785 0.0352555
-0.231175 1.41674 0.0353614
-0.236434 1.41561 0.0354668
-0.24169 1.41446 0.0355716
-0.246943 1.41328 0.035676
-0.252192 1.41209 0.0357798
-0.257437 1.41088 0.0358831
-0.262678 1.40964 0.0359858
-0.267916 1.40839 0.036088
-0.273149 1.40711 0.0361897
-0.278379 1.40582 0.0362909
-0.283604 1.4045 0.0363916
-0.288826 1.40316 0.0364917
-0.294043 1.4018 0.0365912
-0.299255 1.40042 0.0366902
-0.304464 1.39902 0.0367887
-0.309667 1.39761 0.0368867
-0.314867 1.39616 0.0369841
-0.320061 1.3947 0.037081
-0.325251 1.39322 0.0371773
-0.330437 1.39172 0.0372731
-0.335617 1.3902 0.0373683
-0.340792 1.38866 0.037463
-0.345963 1.38709 0.0375571
-0.351128 1.38551 0.0376507
-0.356288 1.3839 0.0377437
-0.361443 1.38228 0.0378362
-0.366593 1.38064 0.0379281
-0.371737 1.37897 0.0380194
-0.376876 1.37729 0.0381102
-0.382009 1.37558 0.0382005
-0.387137 1.37385 0.0382901
-0.392259 1.37211 0.0383792
-0.397375 1.37034 0.0384678
-0.402486 1.36856 0.0385558
-0.40759 1.36675 0.0386432
-0.412689 1.36493 0.0387301
-0.417781 1.36308 0.0388163
-0.422867 1.36121 0.038902
-0.427948 1.35933 0.0389872
-0.433021 1.35742 0.0390718
-0.438089 1.35549 0.0391558
-0.44315 1.35355 0.0392392
-0.448204 1.35158 0.039322
-0.453252 1.3496 0.0394043
-0.458294 1.34759 0.039486
-0.463328 1.34557 0.0395671
-0.468356 1.34352 0.0396476
-0.473377 1.34145 0.0397276
-0.478391 1.33937 0.0398069
-0.483397 1.33727 0.0398857
-0.488397 1.33514 0.0399639
-0.49339 1.333 0.0400415
-0.498375 1.33084 0.0401185
-0.503353 1.32865 0.0401949
-0.508324 1.32645 0.0402708
-0.513287 1.32423 0.040346
-0.518243 1.32199 0.0404207
-0.523191 1.31973 0.0404947
-0.528131 1.31745 0.0405682
-0.533064 1.31515 0.040641
-0.537988 1.31283 0.0407133
-0.542905 1.31049 0.040785
-0.547814 1.30813 0.0408561
-0.552715 1.30576 0.0409265
-0.557608 1.30336 0.0409964
-0.562492 1.30095 0.0410657
-0.567369 1.29851 0.0411343
-0.572237 1.29606 0.0412024
-0.577096 1.29359 0.0412699
-0.581947 1.2911 0.0413367
-0.58679 1.28859 0.041403
-0.591624 1.28606 0.0414686
-0.596449 1.28351 0.0415336
-0.601265 1.28094 0.041598
-0.606073 1.27836 0.0416619
-0.610872 1.27575 0.041725
-0.615662 1.27313 0.0417876
-0.620442 1.27049 0.0418496
-0.625214 1.26783 0.041911
-0.629976 1.26515 0.0419717
-0.63473 1.26245 0.0420318
-0.639473 1.25974 0.0420913
-0.644208 1.257 0.0421502
-0.648933 1.25425 0.0422085
-0.653648 1.25148 0.0422661
-0.658354 1.24869 0.0423231
-0.66305 1.24588 0.0423795
-0.667737 1.24305 0.0424353
-0.672414 1.24021 0.0424905
-0.67708 1.23735 0.042545
-0.681737 1.23446 0.0425989
-0.686384 1.23157 0.0426522
-0.691021 1.22865 0.0427049
-0.695647 1.22571 0.0427569
-0.700264 1.22276 0.0428083
-0.70487 1.21979 0.0428591
-0.709466 1.2168 0.0429092
-0.714051 1.21379 0.0429587
-0.718626 1.21077 0.0430076
-0.72319 1.20772 0.0430559
-0.727744 1.20466 0.0431035
-0.732287 1.20158 0.0431505
-0.736819 1.19849 0.0431968
-0.74134 1.19537 0.0432426
-0.745851 1.19224 0.0432876
-0.750351 1.1891 0.0433321
-0.754839 1.18593 0.0433759
-0.759317 1.18275 0.0434191
-0.763783 1.17954 0.0434616
-0.768238 1.17633 0.0435035
-0.772682 1.17309 0.0435448
-0.777114 1.16984 0.0435854
-0.781535 1.16657 0.0436254
-0.785945 1.16328 0.0436647
-0.790343 1.15998 0.0437034
-0.794729 1.15666 0.0437415
-0.799104 1.15332 0.0437789
-0.803467 1.14996 0.0438157
-0.807818 1.14659 0.0438518
-0.812158 1.1432 0.0438873
-0.816485 1.1398 0.0439221
-0.820801 1.13637 0.0439563
-0.825104 1.13293 0.0439898
-0.829395 1.12948 0.0440227
-0.833674 1.12601 0.044055
-0.837941 1.12252 0.0440866
-0.842196 1.11901 0.0441176
-0.846438 1.11549 0.0441479
-0.850668 1.11195 0.0441776
-0.854885 1.1084 0.0442066
-0.85909 1.10483 0.0442349
-0.863282 1.10124 0.0442627
-0.867461 1.09764 0.0442897
-0.871628 1.09402 0.0443161
-0.875782 1.09038 0.0443419
-0.879923 1.08673 0.044367
-0.884051 1.08306 0.0443915
-0.888166 1.07938 0.0444153
-0.892268 1.07568 0.0444384
-0.896357 1.07197 0.044461
-0.900433 1.06824 0.0444828
-0.904495 1.06449 0.044504
-0.908544 1.06073 0.0445245
-0.91258 1.05695 0.0445444
-0.916603 1.05316 0.0445637
-0.920612 1.04935 0.0445823
-0.924608 1.04552 0.0446002
-0.92859 1.04168 0.0446175
-0.932558 1.03783 0.0446341
-0.936512 1.03396 0.04465
-0.940453 1.03007 0.0446654
-0.94438 1.02617 0.04468
-0.948294 1.02226 0.044694
-0.952193 1.01833 0.0447073
-0.956078 1.01438 0.04472
-0.959949 1.01042 0.044732
-0.963807 1.00645 0.0447434
-0.96765 1.00246 0.0447541
-0.971478 0.998453 0.0447642
-0.975293 0.994433 0.0447736
-0.979093 0.990399 0.0447823
-0.982879 0.986351 0.0447904
-0.98665 0.982288 0.0447978
-0.990407 0.978211 0.0448046
-0.99415 0.974119 0.0448107
-0.997877 0.970013 0.0448161
-1.00159 0.965893 0.0448209
-1.00529 0.961758 0.0448251
-1.00897 0.957609 0.0448285
-1.01264 0.953447 0.0448313
-1.0163 0.94927 0.0448335
-1.01993 0.945079 0.044835
-1.02356 0.940875 0.0448358
-1.02717 0.936656 0.044836
-1.03076 0.932424 0.0448356
-1.03434 0.928178 0.0448344
-1.0379 0.923919 0.0448326
-1.04145 0.919646 0.0448302
-1.04498 0.915359 0.0448271
-1.0485 0.911059 0.0448233
-1.052 0.906746 0.0448189
-1.05549 0.902419 0.0448138
-1.05896 0.898079 0.044808
-1.06242 0.893726 0.0448016
-1.06586 0.88936 0.0447946
-1.06928 0.884981 0.0447869
-1.07269 0.880588 0.0447785
-1.07609 0.876183 0.0447695
-1.07946 0.871765 0.0447598
-1.08282 0.867334 0.0447494
-1.08617 0.86289 0.0447384
-1.0895 0.858433 0.0447267
-1.09281 0.853964 0.0447144
-1.09611 0.849483 0.0447015
-1.09939 0.844989 0.0446878
-1.10266 0.840482 0.0446735
-1.10591 0.835964 0.0446586
-1.10914 0.831432 0.044643
-1.11236 0.826889 0.0446267
-1.11556 0.822334 0.0446098
-1.11874 0.817766 0.0445923
-1.12191 0.813186 0.044574
-1.12506 0.808595 0.0445552
-1.12819 0.803992 0.0445356
-1.13131 0.799376 0.0445154
-1.13441 0.794749 0.0444946
-1.1375 0.790111 0.0444731
-1.14056 0.78546 0.044451
-1.14361 0.780799 0.0444282
-1.14665 0.776125 0.0444047
-1.14967 0.771441 0.0443806
-1.15267 0.766745 0.0443559
-1.15565 0.762037 0.0443305
-1.15862 0.757319 0.0443044
-1.16157 0.752589 0.0442777
-1.1645 0.747849 0.0442503
-1.16741 0.743097 0.0442223
-1.17031 0.738334 0.0441937
-1.17319 0.733561 0.0441644
-1.17606 0.728777 0.0441344
-1.17891 0.723982 0.0441038
-1.18173 0.719176 0.0440726
-1.18455 0.71436 0.0440407
-1.18734 0.709534 0.0440081
-1.19012 0.704697 0.0439749
-1.19288 0.699849 0.0439411
-1.19562 0.694992 0.0439066
-1.19834 0.690124 0.0438715
-1.20105 0.685246 0.0438357
-1.20374 0.680358 0.0437993
-1.20641 0.675459 0.0437623
-1.20907 0.670551 0.0437246
-1.2117 0.665634 0.0436862
-1.21432 0.660706 0.0436472
-1.21692 0.655768 0.0436076
-1.2195 0.650821 0.0435673
-1.22207 0.645865 0.0435264
-1.22462 0.640899 0.0434849
-1.22715 0.635923 0.0434427
-1.22966 0.630938 0.0433999
-1.23215 0.625944 0.0433564
-1.23462 0.620941 0.0433123
-1.23708 0.615929 0.0432676
-1.23952 0.610907 0.0432222
-1.24194 0.605877 0.0431762
-1.24434 0.600837 0.0431296
-1.24672 0.595789 0.0430823
-1.24909 0.590732 0.0430344
-1.25144 0.585667 0.0429859
-1.25377 0.580592 0.0429367
-1.25608 0.575509 0.0428869
-1.25837 0.570418 0.0428365
-1.26064 0.565319 0.0427854
-1.2629 0.560211 0.0427338
-1.26513 0.555095 0.0426815
-1.26735 0.54997 0.0426285
-1.26955 0.544838 0.042575
-1.27173 0.539697 0.0425208
-1.27389 0.534549 0.042466
-1.27603 0.529393 0.0424105
-1.27816 0.524229 0.0423545
-1.28026 0.519057 0.0422978
-1.28235 0.513878 0.0422405
-1.28442 0.508691 0.0421825
-1.28647 0.503497 0.042124
-1.2885 0.498295 0.0420648
-1.29051 0.493086 0.0420051
-1.2925 0.487869 0.0419447
-1.29447 0.482646 0.0418837
-1.29643 0.477415 0.041822
-1.29836 0.472178 0.0417598
-1.30028 0.466933 0.0416969
-1.30218 0.461682 0.0416335
-1.30405 0.456424 0.0415694
-1.30591 0.451159 0.0415047
-1.30775 0.445887 0.0414394
-1.30957 0.440609 0.0413735
-1.31137 0.435324 0.041307
-1.31316 0.430034 0.0412399
-1.31492 0.424736 0.0411721
-1.31666 0.419433 0.0411038
-1.31839 0.414123 0.0410349
-1.32009 0.408807 0.0409653
-1.32178 0.403485 0.0408952
-1.32344 0.398158 0.0408245
-1.32509 0.392824 0.0407531
-1.32671 0.387485 0.0406812
-1.32832 0.38214 0.0406086
-1.32991 0.376789 0.0405355
-1.33148 0.371433 0.0404618
-1.33303 0.366071 0.0403875
-1.33456 0.360704 0.0403125
-1.33607 0.355332 0.040237
-1.33756 0.349954 0.0401609
-1.33903 0.344571 0.0400843
-1.34048 0.339183 0.040007
-1.34191 0.333791 0.0399291
-1.34332 0.328393 0.0398507
-1.34471 0.32299 0.0397716
-1.34608 0.317583 0.039692
-1.34743 0.312171 0.0396118
-1.34877 0.306755 0.039531
-1.35008 0.301333 0.0394497
-1.35137 0.295908 0.0393677
-1.35264 0.290478 0.0392852
-1.3539 0.285044 0.0392021
-1.35513 0.279606 0.0391184
-1.35634 0.274163 0.0390342
-1.35754 0.268717 0.0389494
-1.35871 0.263266 0.038864
-1.35986 0.257812 0.038778
-1.361 0.252354 0.0386915
-1.36211 0.246892 0.0386044
-1.3632 0.241427 0.0385167
-1.36428 0.235958 0.0384285
-1.36533 0.230485 0.0383397
-1.36636 0.225009 0.0382503
-1.36738 0.21953 0.0381604
-1.36837 0.214048 0.0380699
-1.36934 0.208562 0.0379788
-1.3703 0.203074 0.0378872
-1.37123 0.197582 0.0377951
-1.37214 0.192088 0.0377024
-1.37303 0.18659 0.0376091
-1.37391 0.18109 0.0375153
-1.37476 0.175588 0.0374209
-1.37559 0.170082 0.037326
-1.3764 0.164574 0.0372305
-1.37719 0.159064 0.0371345
-1.37796 0.153551 0.037038
-1.37872 0.148037 0.0369409
-1.37945 0.14252 0.0368432
-1.38016 0.137 0.036745
-1.38085 0.131479 0.0366463
-1.38152 0.125956 0.036547
-1.38217 0.120431 0.0364472
-1.3828 0.114904 0.0363469
-1.38341 0.109376 0.036246
-1.38399 0.103846 0.0361446
-1.38456 0.0983144 0.0360427
-1.38511 0.0927814 0.0359402
-1.38564 0.087247 0.0358372
-1.38615 0.0817113 0.0357337
-1.38663 0.0761744 0.0356297
-1.3871 0.0706364 0.0355251
-1.38755 0.0650973 0.03542
-1.38797 0.0595573 0.0353144
-1.38838 0.0540164 0.0352083
-1.38876 0.0484747 0.0351017
-1.38913 0.0429323 0.0349945
-1.38947 0.0373892 0.0348868
-1.3898 0.0318456 0.0347787
-1.3901 0.0263015 0.03467
-1.39038 0.020757 0.0345608
-1.39065 0.0152122 0.034451
-1.39089 0.00966715 0.0343408
-1.39111 0.00412197 0.0342301
-1.39131 -0.00142328 0.0341189
-1.39149 -0.00696851 0.0340072
-1.39165 -0.0125136 0.0338949
-1.39179 -0.0180586 0.0337822
-1.39191 -0.0236033 0.033669
-1.39201 -0.0291477 0.0335553
-1.39209 -0.0346916 0.0334411
-1.39215 -0.0402351 0.0333264
-1.39219 -0.0457779 0.0332112
-1.39221 -0.0513201 0.0330955
-1.3922 -0.0568616 0.0329794
-1.39218 -0.0624022 0.0328627
-1.39214 -0.0679419 0.0327456
-1.39207 -0.0734806 0.032628
-1.39199 -0.0790183 0.0325099
-1.39188 -0.0845547 0.0323913
-1.39176 -0.09009 0.0322723
-1.39161 -0.0956239 0.0321528
-1.39144 -0.101156 0.0320328
-1.39126 -0.106688 0.0319123
-1.39105 -0.112217 0.0317914
-1.39082 -0.117745 0.03167
-1.39057 -0.123271 0.0315482
-1.3903 -0.128795 0.0314258
-1.39002 -0.134318 0.0313031
-1.38971 -0.139838 0.0311798
-1.38938 -0.145357 0.0310561
-1.38903 -0.150873 0.030932
-1.38866 -0.156387 0.0308074
-1.38826 -0.161899 0.0306823
-1.38785 -0.167409 0.0305568
-1.38742 -0.172916 0.0304308
-1.38697 -0.17842 0.0303044
-1.3865 -0.183922 0.0301776
-1.386 -0.189421 0.0300503
-1.38549 -0.194917 0.0299225
-1.38496 -0.200411 0.0297944
-1.3844 -0.205902 0.0296658
-1.38383 -0.211389 0.0295367
-1.38323 -0.216874 0.0294072
-1.38262 -0.222355 0.0292773
-1.38198 -0.227833 0.029147
-1.38133 -0.233308 0.0290162
-1.38065 -0.238779 0.028885
-1.37996 -0.244247 0.0287534
-1.37924 -0.249711 0.0286213
-1.3785 -0.255171 0.0284889
-1.37775 -0.260628 0.028356
-1.37697 -0.266081 0.0282227
-1.37617 -0.27153 0.028089
-1.37535 -0.276975 0.0279548
-1.37452 -0.282416 0.0278203
-1.37366 -0.287853 0.0276853
-1.37278 -0.293286 0.02755
-1.37188 -0.298714 0.0274142
-1.37096 -0.304138 0.0272781
-1.37002 -0.309558 0.0271415
-1.36907 -0.314973 0.0270046
-1.36809 -0.320383 0.0268672
-1.36709 -0.325789 0.0267295
-1.36607 -0.33119 0.0265913
-1.36503 -0.336586 0.0264528
-1.36397 -0.341977 0.0263139
-1.36289 -0.347363 0.0261746
-1.36179 -0.352744 0.0260349
-1.36067 -0.35812 0.0258948
-1.35954 -0.363491 0.0257543
-1.35838 -0.368856 0.0256135
-1.3572 -0.374216 0.0254723
-1.356 -0.37957 0.0253307
-1.35478 -0.384919 0.0251888
-1.35354 -0.390262 0.0250464
-1.35228 -0.3956 0.0249037
-1.351 -0.400931 0.0247607
-1.34971 -0.406257 0.0246173
-1.34839 -0.411577 0.0244735
-1.34705 -0.416891 0.0243293
-1.34569 -0.422198 0.0241848
-1.34431 -0.4275 0.02404
-1.34292 -0.432795 0.0238948
-1.3415 -0.438084 0.0237492
-1.34006 -0.443366 0.0236033
-1.33861 -0.448642 0.0234571
-1.33713 -0.453911 0.0233105
-1.33564 -0.459174 0.0231635
-1.33412 -0.46443 0.0230162
-1.33259 -0.469679 0.0228686
-1.33103 -0.474921 0.0227207
-1.32946 -0.480156 0.0225724
-1.32786 -0.485385 0.0224238
-1.32625 -0.490606 0.0222748
-1.32462 -0.495819 0.0221255
-1.32297 -0.501026 0.0219759
-1.32129 -0.506225 0.021826
-1.3196 -0.511417 0.0216758
-1.31789 -0.516602 0.0215252
-1.31616 -0.521778 0.0213743
-1.31442 -0.526947 0.0212231
-1.31265 -0.532109 0.0210716
-1.31086 -0.537262 0.0209198
-1.30905 -0.542408 0.0207677
-1.30723 -0.547546 0.0206153
-1.30538 -0.552675 0.0204625
-1.30352 -0.557797 0.0203095
-1.30163 -0.56291 0.0201562
-1.29973 -0.568015 0.0200026
-1.29781 -0.573112 0.0198487
-1.29587 -0.578201 0.0196944
-1.29391 -0.583281 0.01954
-1.29193 -0.588352 0.0193852
-1.28993 -0.593415 0.0192301
-1.28792 -0.598469 0.0190748
-1.28588 -0.603514 0.0189191
-1.28383 -0.60855 0.0187632
-1.28175 -0.613578 0.018607
-1.27966 -0.618596 0.0184506
-1.27755 -0.623605 0.0182938
-1.27542 -0.628606 0.0181369
-1.27327 -0.633597 0.0179796
-1.27111 -0.638578 0.0178221
-1.26892 -0.643551 0.0176643
-1.26672 -0.648514 0.0175062
-1.26449 -0.653467 0.0173479
-1.26225 -0.658411 0.0171894
-1.25999 -0.663345 0.0170306
-1.25771 -0.668269 0.0168715
-1.25542 -0.673184 0.0167122
-1.2531 -0.678088 0.0165526
-1.25077 -0.682983 0.0163928
-1.24841 -0.687868 0.0162328
-1.24604 -0.692743 0.0160725
-1.24366 -0.697607 0.015912
-1.24125 -0.702461 0.0157513
-1.23882 -0.707305 0.0155903
-1.23638 -0.712139 0.0154291
-1.23392 -0.716962 0.0152676
-1.23144 -0.721774 0.015106
-1.22894 -0.726576 0.0149441
-1.22642 -0.731368 0.014782
-1.22389 -0.736148 0.0146197
-1.22134 -0.740918 0.0144572
-1.21877 -0.745677 0.0142944
-1.21618 -0.750425 0.0141315
-1.21357 -0.755162 0.0139683
-1.21095 -0.759888 0.013805
-1.20831 -0.764602 0.0136414
-1.20565 -0.769306 0.0134776
-1.20297 -0.773998 0.0133137
-1.20028 -0.778679 0.0131495
-1.19757 -0.783348 0.0129851
-1.19484 -0.788006 0.0128206
-1.19209 -0.792653 0.0126559
-1.18933 -0.797287 0.012491
-1.18654 -0.80191 0.0123259
-1.18375 -0.806522 0.0121606
-1.18093 -0.811121 0.0119951
-1.17809 -0.815708 0.0118295
-1.17524 -0.820284 0.0116637
-1.17237 -0.824847 0.0114977
-1.16949 -0.829399 0.0113315
-1.16658 -0.833938 0.0111652
-1.16366 -0.838465 0.0109987
-1.16073 -0.84298 0.0108321
-1.15777 -0.847482 0.0106653
-1.1548 -0.851972 0.0104983
-1.15181 -0.856449 0.0103312
-1.14881 -0.860914 0.010164
-1.14578 -0.865366 0.00999655
-1.14275 -0.869806 0.009829
-1.13969 -0.874232 0.00966129
-1.13662 -0.878646 0.00949345
-1.13353 -0.883047 0.00932547
-1.13042 -0.887435 0.00915735
-1.1273 -0.89181 0.00898909
