-2.60842 -4.6931 0.0778569
-2.60604 -4.69431 0.0778087
-2.60367 -4.69551 0.0777606
-2.60129 -4.69672 0.0777124
-2.59891 -4.69792 0.0776642
-2.59653 -4.69913 0.0776159
-2.59415 -4.70033 0.0775677
-2.59177 -4.70153 0.0775194
-2.58939 -4.70273 0.0774711
-2.58701 -4.70393 0.0774228
-2.58462 -4.70513 0.0773745
-2.58224 -4.70633 0.0773261
-2.57986 -4.70752 0.0772777
-2.57747 -4.70871 0.0772293
-2.57509 -4.70991 0.0771809
-2.5727 -4.7111 0.0771325
-2.57032 -4.71229 0.0770841
-2.56793 -4.71348 0.0770356
-2.56554 -4.71467 0.0769871
-2.56315 -4.71585 0.0769386
-2.56076 -4.71704 0.0768901
-2.55837 -4.71822 0.0768415
-2.55598 -4.71941 0.0767929
-2.55359 -4.72059 0.0767444
-2.5512 -4.72177 0.0766957
-2.54881 -4.72295 0.0766471
-2.54642 -4.72413 0.0765985
-2.54402 -4.72531 0.0765498
-2.54163 -4.72648 0.0765011
-2.53923 -4.72766 0.0764524
-2.53684 -4.72883 0.0764037
-2.53444 -4.73 0.076355
-2.53204 -4.73117 0.0763062
-2.52965 -4.73234 0.0762574
-2.52725 -4.73351 0.0762086
-2.52485 -4.73468 0.0761598
-2.52245 -4.73585 0.0761109
-2.52005 -4.73701 0.0760621
-2.51765 -4.73818 0.0760132
-2.51525 -4.73934 0.0759643
-2.51285 -4.7405 0.0759154
-2.51044 -4.74166 0.0758664
-2.50804 -4.74282 0.0758175
-2.50564 -4.74398 0.0757685
-2.50323 -4.74514 0.0757195
-2.50083 -4.74629 0.0756705
-2.49842 -4.74745 0.0756215
-2.49602 -4.7486 0.0755724
-2.49361 -4.74975 0.0755233
-2.4912 -4.7509 0.0754742
-2.48879 -4.75205 0.0754251
-2.48638 -4.7532 0.075376
-2.48397 -4.75435 0.0753269
-2.48156 -4.75549 0.0752777
-2.47915 -4.75664 0.0752285
-2.47674 -4.75778 0.0751793
-2.47433 -4.75892 0.0751301
-2.47192 -4.76006 0.0750808
-2.4695 -4.7612 0.0750316
-2.46709 -4.76234 0.0749823
-2.46467 -4.76348 0.074933
-2.46226 -4.76461 0.0748836
-2.45984 -4.76575 0.0748343
-2.45743 -4.76688 0.0747849
-2.45501 -4.76802 0.0747356
-2.45259 -4.76915 0.0746862
-2.45017 -4.77028 0.0746367
-2.44775 -4.77141 0.0745873
-2.44533 -4.77253 0.0745379
-2.44291 -4.77366 0.0744884
-2.44049 -4.77479 0.0744389
-2.43807 -4.77591 0.0743894
-2.43565 -4.77703 0.0743398
-2.43323 -4.77815 0.0742903
-2.4308 -4.77927 0.0742407
-2.42838 -4.78039 0.0741911
-2.42595 -4.78151 0.0741415
-2.42353 -4.78263 0.0740919
-2.4211 -4.78374 0.0740423
-2.41868 -4.78486 0.0739926
-2.41625 -4.78597 0.0739429
-2.41382 -4.78708 0.0738932
-2.41139 -4.78819 0.0738435
-2.40896 -4.7893 0.0737937
-2.40653 -4.79041 0.073744
-2.4041 -4.79152 0.0736942
-2.40167 -4.79262 0.0736444
-2.39924 -4.79373 0.0735946
-2.39681 -4.79483 0.0735448
-2.39438 -4.79593 0.0734949
-2.39194 -4.79703 0.073445
-2.38951 -4.79813 0.0733952
-2.38708 -4.79923 0.0733452
-2.38464 -4.80033 0.0732953
-2.3822 -4.80143 0.0732454
-2.37977 -4.80252 0.0731954
-2.37733 -4.80361 0.0731454
-2.37489 -4.80471 0.0730954
-2.37246 -4.8058 0.0730454
-2.37002 -4.80689 0.0729954
-2.36758 -4.80797 0.0729453
-2.36514 -4.80906 0.0728952
-2.3627 -4.81015 0.0728451
-2.36026 -4.81123 0.072795
-2.35781 -4.81232 0.0727449
-2.35537 -4.8134 0.0726947
-2.35293 -4.81448 0.0726446
-2.35049 -4.81556 0.0725944
-2.34804 -4.81664 0.0725442
-2.3456 -4.81772 0.072494
-2.34315 -4.81879 0.0724437
-2.34071 -4.81987 0.0723934
-2.33826 -4.82094 0.0723432
-2.33581 -4.82201 0.0722929
-2.33336 -4.82309 0.0722426
-2.33092 -4.82416 0.0721922
-2.32847 -4.82523 0.0721419
-2.32602 -4.82629 0.0720915
-2.32357 -4.82736 0.0720411
-2.32112 -4.82842 0.0719907
-2.31866 -4.82949 0.0719403
-2.31621 -4.83055 0.0718898
-2.31376 -4.83161 0.0718394
-2.31131 -4.83267 0.0717889
-2.30885 -4.83373 0.0717384
-2.3064 -4.83479 0.0716879
-2.30394 -4.83585 0.0716373
-2.30149 -4.8369 0.0715868
-2.29903 -4.83796 0.0715362
-2.29658 -4.83901 0.0714856
-2.29412 -4.84006 0.071435
-2.29166 -4.84111 0.0713844
-2.2892 -4.84216 0.0713337
-2.28674 -4.84321 0.071283
-2.28429 -4.84426 0.0712324
-2.28182 -4.8453 0.0711817
-2.27936 -4.84635 0.0711309
-2.2769 -4.84739 0.0710802
-2.27444 -4.84843 0.0710295
-2.27198 -4.84947 0.0709787
-2.26952 -4.85051 0.0709279
-2.26705 -4.85155 0.0708771
-2.26459 -4.85258 0.0708263
-2.26212 -4.85362 0.0707754
-2.25966 -4.85465 0.0707245
-2.25719 -4.85569 0.0706737
-2.25473 -4.85672 0.0706228
-2.25226 -4.85775 0.0705718
-2.24979 -4.85878 0.0705209
-2.24732 -4.85981 0.07047
-2.24485 -4.86084 0.070419
-2.24238 -4.86186 0.070368
-2.23991 -4.86289 0.070317
-2.23744 -4.86391 0.070266
-2.23497 -4.86493 0.0702149
-2.2325 -4.86595 0.0701639
-2.23003 -4.86697 0.0701128
-2.22756 -4.86799 0.0700617
-2.22508 -4.86901 0.0700106
-2.22261 -4.87002 0.0699594
-2.22013 -4.87104 0.0699083
-2.21766 -4.87205 0.0698571
-2.21518 -4.87306 0.0698059
-2.21271 -4.87407 0.0697547
-2.21023 -4.87508 0.0697035
-2.20775 -4.87609 0.0696523
-2.20528 -4.8771 0.069601
-2.2028 -4.8781 0.0695497
-2.20032 -4.87911 0.0694984
-2.19784 -4.88011 0.0694471
-2.19536 -4.88111 0.0693958
-2.19288 -4.88211 0.0693444
-2.1904 -4.88311 0.0692931
-2.18792 -4.88411 0.0692417
-2.18543 -4.88511 0.0691903
-2.18295 -4.88611 0.0691389
-2.18047 -4.8871 0.0690875
-2.17798 -4.88809 0.069036
-2.1755 -4.88909 0.0689845
-2.17301 -4.89008 0.068933
-2.17053 -4.89107 0.0688815
-2.16804 -4.89205 0.06883
-2.16555 -4.89304 0.0687785
-2.16307 -4.89403 0.0687269
-2.16058 -4.89501 0.0686753
-2.15809 -4.896 0.0686238
-2.1556 -4.89698 0.0685721
-2.15311 -4.89796 0.0685205
-2.15062 -4.89894 0.0684689
-2.14813 -4.89992 0.0684172
-2.14564 -4.90089 0.0683655
-2.14315 -4.90187 0.0683138
-2.14066 -4.90285 0.0682621
-2.13816 -4.90382 0.0682104
-2.13567 -4.90479 0.0681586
-2.13318 -4.90576 0.0681069
-2.13068 -4.90673 0.0680551
-2.12819 -4.9077 0.0680033
-2.12569 -4.90867 0.0679515
-2.1232 -4.90963 0.0678996
-2.1207 -4.9106 0.0678478
-2.1182 -4.91156 0.0677959
-2.1157 -4.91252 0.067744
-2.11321 -4.91348 0.0676921
-2.11071 -4.91444 0.0676402
-2.10821 -4.9154 0.0675883
-2.10571 -4.91636 0.0675363
-2.10321 -4.91732 0.0674843
-2.10071 -4.91827 0.0674323
-2.09821 -4.91922 0.0673803
-2.0957 -4.92018 0.0673283
-2.0932 -4.92113 0.0672763
-2.0907 -4.92208 0.0672242
-2.08819 -4.92302 0.0671721
-2.08569 -4.92397 0.06712
-2.08319 -4.92492 0.0670679
-2.08068 -4.92586 0.0670158
-2.07817 -4.92681 0.0669636
-2.07567 -4.92775 0.0669115
-2.07316 -4.92869 0.0668593
-2.07065 -4.92963 0.0668071
-2.06815 -4.93057 0.0667549
-2.06564 -4.9315 0.0667027
-2.06313 -4.93244 0.0666504
-2.06062 -4.93337 0.0665981
-2.05811 -4.93431 0.0665459
-2.0556 -4.93524 0.0664936
-2.05309 -4.93617 0.0664412
-2.05058 -4.9371 0.0663889
-2.04806 -4.93803 0.0663366
-2.04555 -4.93896 0.0662842
-2.04304 -4.93988 0.0662318
-2.04053 -4.94081 0.0661794
-2.03801 -4.94173 0.066127
-2.0355 -4.94265 0.0660746
-2.03298 -4.94357 0.0660221
-2.03047 -4.94449 0.0659696
-2.02795 -4.94541 0.0659172
-2.02543 -4.94633 0.0658647
-2.02292 -4.94724 0.0658121
-2.0204 -4.94816 0.0657596
-2.01788 -4.94907 0.065707
-2.01536 -4.94998 0.0656545
-2.01284 -4.95089 0.0656019
-2.01032 -4.9518 0.0655493
-2.0078 -4.95271 0.0654967
-2.00528 -4.95362 0.065444
-2.00276 -4.95452 0.0653914
-2.00024 -4.95543 0.0653387
-1.99772 -4.95633 0.065286
-1.99519 -4.95723 0.0652333
-1.99267 -4.95813 0.0651806
-1.99014 -4.95903 0.0651279
-1.98762 -4.95993 0.0650751
-1.9851 -4.96083 0.0650224
-1.98257 -4.96172 0.0649696
-1.98004 -4.96262 0.0649168
-1.97752 -4.96351 0.064864
-1.97499 -4.9644 0.0648111
-1.97246 -4.96529 0.0647583
-1.96994 -4.96618 0.0647054
-1.96741 -4.96707 0.0646525
-1.96488 -4.96795 0.0645996
-1.96235 -4.96884 0.0645467
-1.95982 -4.96972 0.0644938
-1.95729 -4.97061 0.0644408
-1.95476 -4.97149 0.0643878
-1.95223 -4.97237 0.0643349
-1.94969 -4.97325 0.0642819
-1.94716 -4.97412 0.0642288
-1.94463 -4.975 0.0641758
-1.9421 -4.97588 0.0641228
-1.93956 -4.97675 0.0640697
-1.93703 -4.97762 0.0640166
-1.93449 -4.97849 0.0639635
-1.93196 -4.97936 0.0639104
-1.92942 -4.98023 0.0638573
-1.92688 -4.9811 0.0638041
-1.92435 -4.98197 0.063751
-1.92181 -4.98283 0.0636978
-1.91927 -4.9837 0.0636446
-1.91673 -4.98456 0.0635914
-1.9142 -4.98542 0.0635382
-1.91166 -4.98628 0.0634849
-1.90912 -4.98714 0.0634317
-1.90658 -4.988 0.0633784
-1.90403 -4.98885 0.0633251
-1.90149 -4.98971 0.0632718
-1.89895 -4.99056 0.0632185
-1.89641 -4.99141 0.0631651
-1.89387 -4.99226 0.0631118
-1.89132 -4.99311 0.0630584
-1.88878 -4.99396 0.063005
-1.88624 -4.99481 0.0629516
-1.88369 -4.99566 0.0628982
-1.88115 -4.9965 0.0628447
-1.8786 -4.99734 0.0627913
-1.87605 -4.99819 0.0627378
-1.87351 -4.99903 0.0626843
-1.87096 -4.99987 0.0626308
-1.86841 -5.0007 0.0625773
-1.86587 -5.00154 0.0625238
-1.86332 -5.00238 0.0624702
-1.86077 -5.00321 0.0624167
-1.85822 -5.00405 0.0623631
-1.85567 -5.00488 0.0623095
-1.85312 -5.00571 0.0622559
-1.85057 -5.00654 0.0622022
-1.84802 -5.00737 0.0621486
-1.84546 -5.00819 0.0620949
-1.84291 -5.00902 0.0620413
-1.84036 -5.00984 0.0619876
-1.83781 -5.01067 0.0619339
-1.83525 -5.01149 0.0618801
-1.8327 -5.01231 0.0618264
-1.83014 -5.01313 0.0617726
-1.82759 -5.01394 0.0617189
-1.82503 -5.01476 0.0616651
-1.82248 -5.01558 0.0616113
-1.81992 -5.01639 0.0615575
-1.81736 -5.0172 0.0615036
-1.81481 -5.01802 0.0614498
-1.81225 -5.01883 0.0613959
-1.80969 -5.01963 0.061342
-1.80713 -5.02044 0.0612881
-1.80457 -5.02125 0.0612342
-1.80201 -5.02205 0.0611803
-1.79945 -5.02286 0.0611264
-1.79689 -5.02366 0.0610724
-1.79433 -5.02446 0.0610184
-1.79177 -5.02526 0.0609644
-1.78921 -5.02606 0.0609104
-1.78664 -5.02686 0.0608564
-1.78408 -5.02765 0.0608024
-1.78152 -5.02845 0.0607483
-1.77895 -5.02924 0.0606943
-1.77639 -5.03003 0.0606402
-1.77383 -5.03083 0.0605861
-1.77126 -5.03162 0.060532
-1.76869 -5.0324 0.0604778
-1.76613 -5.03319 0.0604237
-1.76356 -5.03398 0.0603695
-1.76099 -5.03476 0.0603154
-1.75843 -5.03554 0.0602612
-1.75586 -5.03633 0.060207
-1.75329 -5.03711 0.0601527
-1.75072 -5.03789 0.0600985
-1.74815 -5.03867 0.0600443
-1.74558 -5.03944 0.05999
-1.74301 -5.04022 0.0599357
-1.74044 -5.04099 0.0598814
-1.73787 -5.04177 0.0598271
-1.7353 -5.04254 0.0597728
-1.73273 -5.04331 0.0597184
-1.73016 -5.04408 0.0596641
-1.72758 -5.04484 0.0596097
-1.72501 -5.04561 0.0595553
-1.72244 -5.04638 0.0595009
-1.71986 -5.04714 0.0594465
-1.71729 -5.0479 0.059392
-1.71471 -5.04866 0.0593376
-1.71214 -5.04942 0.0592831
-1.70956 -5.05018 0.0592286
-1.70699 -5.05094 0.0591741
-1.70441 -5.0517 0.0591196
-1.70183 -5.05245 0.0590651
-1.69925 -5.05321 0.0590106
-1.69668 -5.05396 0.058956
-1.6941 -5.05471 0.0589014
-1.69152 -5.05546 0.0588469
-1.68894 -5.05621 0.0587923
-1.68636 -5.05696 0.0587376
-1.68378 -5.0577 0.058683
-1.6812 -5.05845 0.0586284
-1.67862 -5.05919 0.0585737
-1.67604 -5.05993 0.058519
-1.67345 -5.06067 0.0584643
-1.67087 -5.06141 0.0584096
-1.66829 -5.06215 0.0583549
-1.66571 -5.06289 0.0583002
-1.66312 -5.06362 0.0582454
-1.66054 -5.06436 0.0581907
-1.65795 -5.06509 0.0581359
-1.65537 -5.06582 0.0580811
-1.65278 -5.06655 0.0580263
-1.6502 -5.06728 0.0579715
-1.64761 -5.06801 0.0579166
-1.64503 -5.06874 0.0578618
-1.64244 -5.06946 0.0578069
-1.63985 -5.07019 0.057752
-1.63726 -5.07091 0.0576971
-1.63468 -5.07163 0.0576422
-1.63209 -5.07235 0.0575873
-1.6295 -5.07307 0.0575323
-1.62691 -5.07379 0.0574774
-1.62432 -5.0745 0.0574224
-1.62173 -5.07522 0.0573674
-1.61914 -5.07593 0.0573124
-1.61655 -5.07665 0.0572574
-1.61395 -5.07736 0.0572024
-1.61136 -5.07807 0.0571473
-1.60877 -5.07878 0.0570923
-1.60618 -5.07948 0.0570372
-1.60358 -5.08019 0.0569821
-1.60099 -5.08089 0.056927
-1.5984 -5.0816 0.0568719
-1.5958 -5.0823 0.0568168
-1.59321 -5.083 0.0567616
-1.59061 -5.0837 0.0567065
-1.58802 -5.0844 0.0566513
-1.58542 -5.08509 0.0565961
-1.58282 -5.08579 0.0565409
-1.58023 -5.08648 0.0564857
-1.57763 -5.08718 0.0564304
-1.57503 -5.08787 0.0563752
-1.57243 -5.08856 0.0563199
-1.56984 -5.08925 0.0562647
-1.56724 -5.08994 0.0562094
-1.56464 -5.09062 0.0561541
-1.56204 -5.09131 0.0560987
-1.55944 -5.09199 0.0560434
-1.55684 -5.09267 0.0559881
-1.55424 -5.09336 0.0559327
-1.55164 -5.09404 0.0558773
-1.54903 -5.09471 0.0558219
-1.54643 -5.09539 0.0557665
-1.54383 -5.09607 0.0557111
-1.54123 -5.09674 0.0556557
-1.53862 -5.09742 0.0556002
-1.53602 -5.09809 0.0555448
-1.53342 -5.09876 0.0554893
-1.53081 -5.09943 0.0554338
-1.52821 -5.1001 0.0553783
-1.5256 -5.10076 0.0553228
-1.523 -5.10143 0.0552673
-1.52039 -5.10209 0.0552117
-1.51778 -5.10276 0.0551561
-1.51518 -5.10342 0.0551006
-1.51257 -5.10408 0.055045
-1.50996 -5.10474 0.0549894
-1.50736 -5.1054 0.0549338
-1.50475 -5.10605 0.0548781
-1.50214 -5.10671 0.0548225
-1.49953 -5.10736 0.0547668
-1.49692 -5.10802 0.0547112
-1.49431 -5.10867 0.0546555
-1.4917 -5.10932 0.0545998
-1.48909 -5.10997 0.0545441
-1.48648 -5.11061 0.0544883
-1.48387 -5.11126 0.0544326
-1.48126 -5.1119 0.0543768
-1.47864 -5.11255 0.0543211
-1.47603 -5.11319 0.0542653
-1.47342 -5.11383 0.0542095
-1.47081 -5.11447 0.0541537
-1.46819 -5.11511 0.0540979
-1.46558 -5.11575 0.054042
-1.46296 -5.11638 0.0539862
-1.46035 -5.11702 0.0539303
-1.45773 -5.11765 0.0538744
-1.45512 -5.11828 0.0538185
-1.4525 -5.11891 0.0537626
-1.44989 -5.11954 0.0537067
-1.44727 -5.12017 0.0536508
-1.44465 -5.1208 0.0535948
-1.44204 -5.12142 0.0535389
-1.43942 -5.12205 0.0534829
-1.4368 -5.12267 0.0534269
-1.43418 -5.12329 0.0533709
-1.43156 -5.12391 0.0533149
-1.42894 -5.12453 0.0532588
-1.42632 -5.12515 0.0532028
-1.4237 -5.12576 0.0531467
-1.42108 -5.12638 0.0530907
-1.41846 -5.12699 0.0530346
-1.41584 -5.1276 0.0529785
-1.41322 -5.12821 0.0529224
-1.4106 -5.12882 0.0528663
-1.40798 -5.12943 0.0528101
-1.40536 -5.13004 0.052754
-1.40273 -5.13065 0.0526978
-1.40011 -5.13125 0.0526416
-1.39749 -5.13185 0.0525854
-1.39486 -5.13245 0.0525292
-1.39224 -5.13306 0.052473
-1.38961 -5.13365 0.0524168
-1.38699 -5.13425 0.0523605
-1.38436 -5.13485 0.0523043
-1.38174 -5.13544 0.052248
-1.37911 -5.13604 0.0521917
-1.37649 -5.13663 0.0521354
-1.37386 -5.13722 0.0520791
-1.37123 -5.13781 0.0520228
-1.3686 -5.1384 0.0519664
-1.36598 -5.13899 0.0519101
-1.36335 -5.13957 0.0518537
-1.36072 -5.14016 0.0517973
-1.35809 -5.14074 0.0517409
-1.35546 -5.14133 0.0516845
-1.35283 -5.14191 0.0516281
-1.3502 -5.14249 0.0515717
-1.34757 -5.14306 0.0515153
-1.34494 -5.14364 0.0514588
-1.34231 -5.14422 0.0514023
-1.33968 -5.14479 0.0513458
-1.33705 -5.14536 0.0512893
-1.33442 -5.14594 0.0512328
-1.33179 -5.14651 0.0511763
-1.32915 -5.14707 0.0511198
-1.32652 -5.14764 0.0510632
-1.32389 -5.14821 0.0510067
-1.32125 -5.14877 0.0509501
-1.31862 -5.14934 0.0508935
-1.31599 -5.1499 0.0508369
-1.31335 -5.15046 0.0507803
-1.31072 -5.15102 0.0507237
-1.30808 -5.15158 0.050667
-1.30545 -5.15214 0.0506104
-1.30281 -5.15269 0.0505537
-1.30017 -5.15325 0.050497
-1.29754 -5.1538 0.0504403
-1.2949 -5.15435 0.0503836
-1.29226 -5.1549 0.0503269
-1.28963 -5.15545 0.0502702
-1.28699 -5.156 0.0502134
-1.28435 -5.15655 0.0501567
-1.28171 -5.15709 0.0500999
-1.27907 -5.15764 0.0500431
-1.27643 -5.15818 0.0499863
-1.27379 -5.15872 0.0499295
-1.27115 -5.15926 0.0498727
-1.26851 -5.1598 0.0498159
-1.26587 -5.16034 0.049759
-1.26323 -5.16087 0.0497022
-1.26059 -5.16141 0.0496453
-1.25795 -5.16194 0.0495884
-1.25531 -5.16248 0.0495315
-1.25267 -5.16301 0.0494746
-1.25002 -5.16354 0.0494177
-1.24738 -5.16406 0.0493608
-1.24474 -5.16459 0.0493038
-1.2421 -5.16512 0.0492469
-1.23945 -5.16564 0.0491899
-1.23681 -5.16616 0.0491329
-1.23416 -5.16669 0.0490759
-1.23152 -5.16721 0.0490189
-1.22887 -5.16773 0.0489619
-1.22623 -5.16824 0.0489049
-1.22358 -5.16876 0.0488478
-1.22094 -5.16928 0.0487907
-1.21829 -5.16979 0.0487337
-1.21564 -5.1703 0.0486766
-1.213 -5.17081 0.0486195
-1.21035 -5.17132 0.0485624
-1.2077 -5.17183 0.0485053
-1.20506 -5.17234 0.0484481
-1.20241 -5.17284 0.048391
-1.19976 -5.17335 0.0483338
-1.19711 -5.17385 0.0482767
-1.19446 -5.17435 0.0482195
-1.19181 -5.17485 0.0481623
-1.18916 -5.17535 0.0481051
-1.18651 -5.17585 0.0480479
-1.18386 -5.17635 0.0479906
-1.18121 -5.17684 0.0479334
-1.17856 -5.17734 0.0478761
-1.17591 -5.17783 0.0478189
-1.17326 -5.17832 0.0477616
-1.17061 -5.17881 0.0477043
-1.16796 -5.1793 0.047647
-1.1653 -5.17979 0.0475897
-1.16265 -5.18027 0.0475323
-1.16 -5.18076 0.047475
-1.15735 -5.18124 0.0474177
-1.15469 -5.18173 0.0473603
-1.15204 -5.18221 0.0473029
-1.14938 -5.18269 0.0472455
-1.14673 -5.18316 0.0471881
-1.14408 -5.18364 0.0471307
-1.14142 -5.18412 0.0470733
-1.13877 -5.18459 0.0470158
-1.13611 -5.18506 0.0469584
-1.13345 -5.18554 0.0469009
-1.1308 -5.18601 0.0468435
-1.12814 -5.18647 0.046786
-1.12549 -5.18694 0.0467285
-1.12283 -5.18741 0.046671
-1.12017 -5.18787 0.0466135
-1.11751 -5.18834 0.0465559
-1.11486 -5.1888 0.0464984
-1.1122 -5.18926 0.0464408
-1.10954 -5.18972 0.0463832
-1.10688 -5.19018 0.0463257
-1.10422 -5.19064 0.0462681
-1.10156 -5.19109 0.0462105
-1.0989 -5.19155 0.0461529
-1.09624 -5.192 0.0460952
-1.09358 -5.19245 0.0460376
-1.09092 -5.1929 0.0459799
-1.08826 -5.19335 0.0459223
-1.0856 -5.1938 0.0458646
-1.08294 -5.19424 0.0458069
-1.08028 -5.19469 0.0457492
-1.07762 -5.19513 0.0456915
-1.07496 -5.19558 0.0456338
-1.07229 -5.19602 0.0455761
-1.06963 -5.19646 0.0455183
-1.06697 -5.1969 0.0454606
-1.06431 -5.19733 0.0454028
-1.06164 -5.19777 0.045345
-1.05898 -5.1982 0.0452872
-1.05631 -5.19864 0.0452294
-1.05365 -5.19907 0.0451716
-1.05099 -5.1995 0.0451138
-1.04832 -5.19993 0.0450559
-1.04566 -5.20036 0.0449981
-1.04299 -5.20078 0.0449402
-1.04033 -5.20121 0.0448824
-1.03766 -5.20163 0.0448245
-1.03499 -5.20205 0.0447666
-1.03233 -5.20248 0.0447087
-1.02966 -5.2029 0.0446508
-1.02699 -5.20331 0.0445928
-1.02433 -5.20373 0.0445349
-1.02166 -5.20415 0.044477
-1.01899 -5.20456 0.044419
-1.01632 -5.20498 0.044361
-1.01366 -5.20539 0.044303
-1.01099 -5.2058 0.044245
-1.00832 -5.20621 0.044187
-1.00565 -5.20662 0.044129
-1.00298 -5.20702 0.044071
-1.00031 -5.20743 0.0440129
-0.997642 -5.20783 0.0439549
-0.994972 -5.20823 0.0438968
-0.992302 -5.20864 0.0438388
-0.989632 -5.20904 0.0437807
-0.986961 -5.20943 0.0437226
-0.98429 -5.20983 0.0436645
-0.981619 -5.21023 0.0436063
-0.978948 -5.21062 0.0435482
-0.976276 -5.21102 0.0434901
-0.973604 -5.21141 0.0434319
-0.970932 -5.2118 0.0433738
-0.96826 -5.21219 0.0433156
-0.965587 -5.21258 0.0432574
-0.962914 -5.21296 0.0431992
-0.960241 -5.21335 0.043141
-0.957568 -5.21373 0.0430828
-0.954894 -5.21412 0.0430245
-0.95222 -5.2145 0.0429663
-0.949546 -5.21488 0.0429081
-0.946872 -5.21526 0.0428498
-0.944197 -5.21563 0.0427915
-0.941522 -5.21601 0.0427332
-0.938847 -5.21638 0.0426749
-0.936172 -5.21676 0.0426166
-0.933496 -5.21713 0.0425583
-0.93082 -5.2175 0.0425
-0.928144 -5.21787 0.0424416
-0.925468 -5.21824 0.0423833
-0.922792 -5.21861 0.0423249
-0.920115 -5.21897 0.0422666
-0.917438 -5.21933 0.0422082
-0.914761 -5.2197 0.0421498
-0.912083 -5.22006 0.0420914
-0.909406 -5.22042 0.042033
-0.906728 -5.22078 0.0419745
-0.90405 -5.22114 0.0419161
-0.901371 -5.22149 0.0418577
-0.898693 -5.22185 0.0417992
-0.896014 -5.2222 0.0417407
-0.893335 -5.22255 0.0416823
-0.890655 -5.2229 0.0416238
-0.887976 -5.22325 0.0415653
-0.885296 -5.2236 0.0415068
-0.882616 -5.22395 0.0414482
-0.879936 -5.22429 0.0413897
-0.877256 -5.22464 0.0413312
-0.874575 -5.22498 0.0412726
-0.871894 -5.22532 0.0412141
-0.869213 -5.22566 0.0411555
-0.866532 -5.226 0.0410969
-0.86385 -5.22634 0.0410383
-0.861169 -5.22667 0.0409797
-0.858487 -5.22701 0.0409211
-0.855804 -5.22734 0.0408625
-0.853122 -5.22768 0.0408038
-0.850439 -5.22801 0.0407452
-0.847757 -5.22834 0.0406865
-0.845073 -5.22866 0.0406279
-0.84239 -5.22899 0.0405692
-0.839707 -5.22932 0.0405105
-0.837023 -5.22964 0.0404518
-0.834339 -5.22996 0.0403931
-0.831655 -5.23028 0.0403344
-0.828971 -5.23061 0.0402756
-0.826286 -5.23092 0.0402169
-0.823601 -5.23124 0.0401581
-0.820916 -5.23156 0.0400994
-0.818231 -5.23187 0.0400406
-0.815546 -5.23219 0.0399818
-0.81286 -5.2325 0.039923
-0.810174 -5.23281 0.0398642
-0.807488 -5.23312 0.0398054
-0.804802 -5.23343 0.0397466
-0.802116 -5.23373 0.0396878
-0.799429 -5.23404 0.0396289
-0.796742 -5.23434 0.0395701
-0.794055 -5.23465 0.0395112
-0.791368 -5.23495 0.0394524
-0.788681 -5.23525 0.0393935
-0.785993 -5.23555 0.0393346
-0.783305 -5.23584 0.0392757
-0.780617 -5.23614 0.0392168
-0.777929 -5.23644 0.0391578
-0.77524 -5.23673 0.0390989
-0.772552 -5.23702 0.03904
-0.769863 -5.23731 0.038981
-0.767174 -5.2376 0.0389221
-0.764485 -5.23789 0.0388631
-0.761795 -5.23818 0.0388041
-0.759106 -5.23846 0.0387451
-0.756416 -5.23875 0.0386861
-0.753726 -5.23903 0.0386271
-0.751036 -5.23931 0.0385681
-0.748345 -5.23959 0.0385091
-0.745655 -5.23987 0.03845
-0.742964 -5.24015 0.038391
-0.740273 -5.24042 0.0383319
-0.737582 -5.2407 0.0382728
-0.734891 -5.24097 0.0382138
-0.732199 -5.24124 0.0381547
-0.729507 -5.24151 0.0380956
-0.726815 -5.24178 0.0380365
-0.724123 -5.24205 0.0379773
-0.721431 -5.24232 0.0379182
-0.718739 -5.24258 0.0378591
-0.716046 -5.24285 0.0377999
-0.713353 -5.24311 0.0377408
-0.71066 -5.24337 0.0376816
-0.707967 -5.24363 0.0376224
-0.705274 -5.24389 0.0375632
-0.70258 -5.24415 0.037504
-0.699886 -5.24441 0.0374448
-0.697193 -5.24466 0.0373856
-0.694499 -5.24491 0.0373264
-0.691804 -5.24517 0.0372672
-0.68911 -5.24542 0.0372079
-0.686415 -5.24567 0.0371487
-0.68372 -5.24591 0.0370894
-0.681026 -5.24616 0.0370301
-0.67833 -5.24641 0.0369709
-0.675635 -5.24665 0.0369116
-0.67294 -5.24689 0.0368523
-0.670244 -5.24713 0.036793
-0.667548 -5.24738 0.0367336
-0.664852 -5.24761 0.0366743
-0.662156 -5.24785 0.036615
-0.65946 -5.24809 0.0365556
-0.656763 -5.24832 0.0364963
-0.654067 -5.24856 0.0364369
-0.65137 -5.24879 0.0363775
-0.648673 -5.24902 0.0363182
-0.645976 -5.24925 0.0362588
-0.643278 -5.24948 0.0361994
-0.640581 -5.2497 0.0361399
-0.637883 -5.24993 0.0360805
-0.635185 -5.25015 0.0360211
-0.632487 -5.25037 0.0359617
-0.629789 -5.2506 0.0359022
-0.627091 -5.25082 0.0358428
-0.624393 -5.25103 0.0357833
-0.621694 -5.25125 0.0357238
-0.618995 -5.25147 0.0356643
-0.616296 -5.25168 0.0356048
-0.613597 -5.2519 0.0355453
-0.610898 -5.25211 0.0354858
-0.608199 -5.25232 0.0354263
-0.605499 -5.25253 0.0353668
-0.602799 -5.25274 0.0353072
-0.600099 -5.25294 0.0352477
-0.597399 -5.25315 0.0351881
-0.594699 -5.25335 0.0351286
-0.591999 -5.25355 0.035069
-0.589298 -5.25376 0.0350094
-0.586598 -5.25396 0.0349498
-0.583897 -5.25415 0.0348902
-0.581196 -5.25435 0.0348306
-0.578495 -5.25455 0.034771
-0.575794 -5.25474 0.0347113
-0.573093 -5.25493 0.0346517
-0.570391 -5.25513 0.0345921
-0.567689 -5.25532 0.0345324
-0.564988 -5.25551 0.0344727
-0.562286 -5.25569 0.0344131
-0.559584 -5.25588 0.0343534
-0.556881 -5.25607 0.0342937
-0.554179 -5.25625 0.034234
-0.551476 -5.25643 0.0341743
-0.548774 -5.25661 0.0341146
-0.546071 -5.25679 0.0340548
-0.543368 -5.25697 0.0339951
-0.540665 -5.25715 0.0339354
-0.537962 -5.25732 0.0338756
-0.535258 -5.2575 0.0338159
-0.532555 -5.25767 0.0337561
-0.529851 -5.25784 0.0336963
-0.527148 -5.25801 0.0336365
-0.524444 -5.25818 0.0335767
-0.52174 -5.25835 0.0335169
-0.519036 -5.25852 0.0334571
-0.516331 -5.25868 0.0333973
-0.513627 -5.25885 0.0333375
-0.510922 -5.25901 0.0332776
-0.508218 -5.25917 0.0332178
-0.505513 -5.25933 0.0331579
-0.502808 -5.25949 0.0330981
-0.500103 -5.25965 0.0330382
-0.497398 -5.2598 0.0329783
-0.494692 -5.25996 0.0329184
-0.491987 -5.26011 0.0328585
-0.489281 -5.26026 0.0327986
-0.486576 -5.26041 0.0327387
-0.48387 -5.26056 0.0326788
-0.481164 -5.26071 0.0326189
-0.478458 -5.26085 0.0325589
-0.475752 -5.261 0.032499
-0.473045 -5.26114 0.032439
-0.470339 -5.26128 0.0323791
-0.467632 -5.26142 0.0323191
-0.464926 -5.26156 0.0322591
-0.462219 -5.2617 0.0321991
-0.459512 -5.26184 0.0321392
-0.456805 -5.26198 0.0320791
-0.454098 -5.26211 0.0320191
-0.45139 -5.26224 0.0319591
-0.448683 -5.26237 0.0318991
-0.445976 -5.2625 0.0318391
-0.443268 -5.26263 0.031779
-0.44056 -5.26276 0.031719
-0.437852 -5.26289 0.0316589
-0.435144 -5.26301 0.0315988
-0.432436 -5.26314 0.0315388
-0.429728 -5.26326 0.0314787
-0.42702 -5.26338 0.0314186
-0.424312 -5.2635 0.0313585
-0.421603 -5.26362 0.0312984
-0.418895 -5.26373 0.0312383
-0.416186 -5.26385 0.0311781
-0.413477 -5.26396 0.031118
-0.410768 -5.26408 0.0310579
-0.408059 -5.26419 0.0309977
-0.40535 -5.2643 0.0309376
-0.402641 -5.26441 0.0308774
-0.399931 -5.26451 0.0308172
-0.397222 -5.26462 0.030757
-0.394512 -5.26472 0.0306968
-0.391803 -5.26483 0.0306367
-0.389093 -5.26493 0.0305764
-0.386383 -5.26503 0.0305162
-0.383673 -5.26513 0.030456
-0.380963 -5.26523 0.0303958
-0.378253 -5.26532 0.0303356
-0.375543 -5.26542 0.0302753
-0.372833 -5.26551 0.0302151
-0.370122 -5.26561 0.0301548
-0.367412 -5.2657 0.0300945
-0.364701 -5.26579 0.0300343
-0.36199 -5.26588 0.029974
-0.35928 -5.26596 0.0299137
-0.356569 -5.26605 0.0298534
-0.353858 -5.26613 0.0297931
-0.351147 -5.26622 0.0297328
-0.348436 -5.2663 0.0296725
-0.345724 -5.26638 0.0296121
-0.343013 -5.26646 0.0295518
-0.340302 -5.26654 0.0294915
-0.33759 -5.26661 0.0294311
-0.334879 -5.26669 0.0293708
-0.332167 -5.26676 0.0293104
-0.329455 -5.26683 0.02925
-0.326743 -5.26691 0.0291897
-0.324031 -5.26698 0.0291293
-0.321319 -5.26704 0.0290689
-0.318607 -5.26711 0.0290085
-0.315895 -5.26718 0.0289481
-0.313183 -5.26724 0.0288877
-0.31047 -5.2673 0.0288272
-0.307758 -5.26737 0.0287668
-0.305046 -5.26743 0.0287064
-0.302333 -5.26749 0.0286459
-0.29962 -5.26754 0.0285855
-0.296908 -5.2676 0.028525
-0.294195 -5.26765 0.0284645
-0.291482 -5.26771 0.0284041
-0.288769 -5.26776 0.0283436
-0.286056 -5.26781 0.0282831
-0.283343 -5.26786 0.0282226
-0.28063 -5.26791 0.0281621
-0.277917 -5.26796 0.0281016
-0.275203 -5.268 0.0280411
-0.27249 -5.26805 0.0279805
-0.269776 -5.26809 0.02792
-0.267063 -5.26813 0.0278595
-0.264349 -5.26817 0.0277989
-0.261636 -5.26821 0.0277384
-0.258922 -5.26825 0.0276778
-0.256208 -5.26828 0.0276172
-0.253494 -5.26832 0.0275567
-0.25078 -5.26835 0.0274961
-0.248066 -5.26839 0.0274355
-0.245352 -5.26842 0.0273749
-0.242638 -5.26845 0.0273143
-0.239924 -5.26847 0.0272537
-0.23721 -5.2685 0.0271931
-0.234496 -5.26853 0.0271325
-0.231781 -5.26855 0.0270718
-0.229067 -5.26857 0.0270112
-0.226352 -5.26859 0.0269506
-0.223638 -5.26861 0.0268899
-0.220923 -5.26863 0.0268292
-0.218209 -5.26865 0.0267686
-0.215494 -5.26867 0.0267079
-0.212779 -5.26868 0.0266472
-0.210064 -5.2687 0.0265865
-0.207349 -5.26871 0.0265259
-0.204635 -5.26872 0.0264652
-0.20192 -5.26873 0.0264045
-0.199205 -5.26874 0.0263437
-0.19649 -5.26874 0.026283
-0.193774 -5.26875 0.0262223
-0.191059 -5.26875 0.0261616
-0.188344 -5.26875 0.0261008
-0.185629 -5.26876 0.0260401
-0.182913 -5.26876 0.0259793
-0.180198 -5.26875 0.0259186
-0.177483 -5.26875 0.0258578
-0.174767 -5.26875 0.025797
-0.172052 -5.26874 0.0257363
-0.169336 -5.26874 0.0256755
-0.166621 -5.26873 0.0256147
-0.163905 -5.26872 0.0255539
-0.161189 -5.26871 0.0254931
-0.158474 -5.26869 0.0254323
-0.155758 -5.26868 0.0253715
-0.153042 -5.26867 0.0253106
-0.150326 -5.26865 0.0252498
-0.14761 -5.26863 0.025189
-0.144895 -5.26861 0.0251281
-0.142179 -5.26859 0.0250673
-0.139463 -5.26857 0.0250064
-0.136747 -5.26855 0.0249456
-0.134031 -5.26853 0.0248847
-0.131315 -5.2685 0.0248238
-0.128598 -5.26847 0.0247629
-0.125882 -5.26845 0.024702
-0.123166 -5.26842 0.0246411
-0.12045 -5.26838 0.0245802
-0.117734 -5.26835 0.0245193
-0.115017 -5.26832 0.0244584
-0.112301 -5.26828 0.0243975
-0.109585 -5.26825 0.0243366
-0.106868 -5.26821 0.0242757
-0.104152 -5.26817 0.0242147
-0.101436 -5.26813 0.0241538
-0.0987192 -5.26809 0.0240928
-0.0960027 -5.26805 0.0240319
-0.0932863 -5.268 0.0239709
-0.0905698 -5.26796 0.0239099
-0.0878532 -5.26791 0.023849
-0.0851367 -5.26786 0.023788
-0.0824201 -5.26781 0.023727
-0.0797035 -5.26776 0.023666
-0.0769869 -5.26771 0.023605
-0.0742702 -5.26765 0.023544
-0.0715536 -5.2676 0.023483
-0.0688369 -5.26754 0.023422
-0.0661202 -5.26748 0.023361
-0.0634035 -5.26743 0.0232999
-0.0606868 -5.26737 0.0232389
-0.0579701 -5.2673 0.0231779
-0.0552533 -5.26724 0.0231168
-0.0525365 -5.26718 0.0230558
-0.0498197 -5.26711 0.0229947
-0.047103 -5.26704 0.0229336
-0.0443861 -5.26697 0.0228726
-0.0416693 -5.2669 0.0228115
-0.0389525 -5.26683 0.0227504
-0.0362357 -5.26676 0.0226893
-0.0335188 -5.26669 0.0226282
-0.030802 -5.26661 0.0225671
-0.0280851 -5.26654 0.022506
-0.0253682 -5.26646 0.0224449
-0.0226513 -5.26638 0.0223838
-0.0199345 -5.2663 0.0223227
-0.0172176 -5.26622 0.0222616
-0.0145007 -5.26613 0.0222004
-0.0117838 -5.26605 0.0221393
-0.00906687 -5.26596 0.0220781
