1.59099 -9.93564 0.109378
1.59289 -9.93533 0.109297
1.59479 -9.93501 0.109216
1.5967 -9.9347 0.109135
1.5986 -9.93438 0.109054
1.6005 -9.93406 0.108972
1.6024 -9.93375 0.108891
1.6043 -9.93343 0.10881
1.6062 -9.93311 0.108729
1.6081 -9.9328 0.108648
1.61 -9.93248 0.108567
1.6119 -9.93216 0.108486
1.61381 -9.93184 0.108405
1.61571 -9.93152 0.108324
1.61761 -9.9312 0.108243
1.61951 -9.93088 0.108161
1.62141 -9.93056 0.10808
1.62331 -9.93024 0.107999
1.62521 -9.92992 0.107918
1.62711 -9.9296 0.107837
1.62901 -9.92927 0.107756
1.63091 -9.92895 0.107675
1.63281 -9.92863 0.107593
1.63471 -9.92831 0.107512
1.63661 -9.92798 0.107431
1.63851 -9.92766 0.10735
1.64041 -9.92733 0.107269
1.64231 -9.92701 0.107188
1.64421 -9.92668 0.107106
1.64611 -9.92636 0.107025
1.64801 -9.92603 0.106944
1.64991 -9.92571 0.106863
1.65181 -9.92538 0.106782
1.65371 -9.92505 0.1067
1.65561 -9.92472 0.106619
1.65751 -9.9244 0.106538
1.65941 -9.92407 0.106457
1.6613 -9.92374 0.106376
1.6632 -9.92341 0.106294
1.6651 -9.92308 0.106213
1.667 -9.92275 0.106132
1.6689 -9.92242 0.106051
1.6708 -9.92209 0.10597
1.6727 -9.92176 0.105888
1.6746 -9.92143 0.105807
1.6765 -9.9211 0.105726
1.67839 -9.92076 0.105645
1.68029 -9.92043 0.105563
1.68219 -9.9201 0.105482
1.68409 -9.91977 0.105401
1.68599 -9.91943 0.105319
1.68789 -9.9191 0.105238
1.68978 -9.91876 0.105157
1.69168 -9.91843 0.105076
1.69358 -9.91809 0.104994
1.69548 -9.91776 0.104913
1.69738 -9.91742 0.104832
1.69927 -9.91709 0.10475
1.70117 -9.91675 0.104669
1.70307 -9.91641 0.104588
1.70497 -9.91607 0.104507
1.70687 -9.91574 0.104425
1.70876 -9.9154 0.104344
1.71066 -9.91506 0.104263
1.71256 -9.91472 0.104181
1.71446 -9.91438 0.1041
1.71635 -9.91404 0.104019
1.71825 -9.9137 0.103937
1.72015 -9.91336 0.103856
1.72204 -9.91302 0.103775
1.72394 -9.91268 0.103693
1.72584 -9.91234 0.103612
1.72773 -9.91199 0.103531
1.72963 -9.91165 0.103449
1.73153 -9.91131 0.103368
1.73343 -9.91097 0.103286
1.73532 -9.91062 0.103205
1.73722 -9.91028 0.103124
1.73911 -9.90993 0.103042
1.74101 -9.90959 0.102961
1.74291 -9.90924 0.10288
1.7448 -9.9089 0.102798
1.7467 -9.90855 0.102717
1.7486 -9.90821 0.102635
1.75049 -9.90786 0.102554
1.75239 -9.90751 0.102473
1.75428 -9.90716 0.102391
1.75618 -9.90682 0.10231
1.75808 -9.90647 0.102228
1.75997 -9.90612 0.102147
1.76187 -9.90577 0.102065
1.76376 -9.90542 0.101984
1.76566 -9.90507 0.101903
1.76755 -9.90472 0.101821
1.76945 -9.90437 0.10174
1.77134 -9.90402 0.101658
1.77324 -9.90367 0.101577
1.77513 -9.90332 0.101495
1.77703 -9.90296 0.101414
1.77893 -9.90261 0.101332
1.78082 -9.90226 0.101251
1.78271 -9.90191 0.101169
1.78461 -9.90155 0.101088
1.7865 -9.9012 0.101006
1.7884 -9.90084 0.100925
1.79029 -9.90049 0.100844
1.79219 -9.90013 0.100762
1.79408 -9.89978 0.100681
1.79598 -9.89942 0.100599
1.79787 -9.89907 0.100518
1.79977 -9.89871 0.100436
1.80166 -9.89835 0.100354
1.80355 -9.89799 0.100273
1.80545 -9.89764 0.100191
1.80734 -9.89728 0.10011
1.80924 -9.89692 0.100028
1.81113 -9.89656 0.0999469
1.81302 -9.8962 0.0998653
1.81492 -9.89584 0.0997838
1.81681 -9.89548 0.0997023
1.8187 -9.89512 0.0996207
1.8206 -9.89476 0.0995392
1.82249 -9.8944 0.0994576
1.82438 -9.89404 0.099376
1.82628 -9.89367 0.0992945
1.82817 -9.89331 0.0992129
1.83006 -9.89295 0.0991313
1.83196 -9.89259 0.0990498
1.83385 -9.89222 0.0989682
1.83574 -9.89186 0.0988866
1.83764 -9.89149 0.098805
1.83953 -9.89113 0.0987234
1.84142 -9.89076 0.0986418
1.84331 -9.8904 0.0985602
1.84521 -9.89003 0.0984786
1.8471 -9.88967 0.098397
1.84899 -9.8893 0.0983154
1.85088 -9.88893 0.0982338
1.85278 -9.88856 0.0981522
1.85467 -9.8882 0.0980706
1.85656 -9.88783 0.097989
1.85845 -9.88746 0.0979073
1.86035 -9.88709 0.0978257
1.86224 -9.88672 0.0977441
1.86413 -9.88635 0.0976624
1.86602 -9.88598 0.0975808
1.86791 -9.88561 0.0974991
1.8698 -9.88524 0.0974175
1.8717 -9.88487 0.0973358
1.87359 -9.8845 0.0972542
1.87548 -9.88412 0.0971725
1.87737 -9.88375 0.0970909
1.87926 -9.88338 0.0970092
1.88115 -9.88301 0.0969275
1.88304 -9.88263 0.0968458
1.88493 -9.88226 0.0967642
1.88683 -9.88188 0.0966825
1.88872 -9.88151 0.0966008
1.89061 -9.88113 0.0965191
1.8925 -9.88076 0.0964374
1.89439 -9.88038 0.0963557
1.89628 -9.88001 0.096274
1.89817 -9.87963 0.0961923
1.90006 -9.87925 0.0961106
1.90195 -9.87888 0.0960289
1.90384 -9.8785 0.0959471
1.90573 -9.87812 0.0958654
1.90762 -9.87774 0.0957837
1.90951 -9.87736 0.095702
1.9114 -9.87698 0.0956202
1.91329 -9.8766 0.0955385
1.91518 -9.87622 0.0954568
1.91707 -9.87584 0.095375
1.91896 -9.87546 0.0952933
1.92085 -9.87508 0.0952115
1.92274 -9.8747 0.0951298
1.92463 -9.87432 0.095048
1.92652 -9.87393 0.0949662
1.92841 -9.87355 0.0948845
1.9303 -9.87317 0.0948027
1.93219 -9.87278 0.0947209
1.93408 -9.8724 0.0946392
1.93596 -9.87202 0.0945574
1.93785 -9.87163 0.0944756
1.93974 -9.87125 0.0943938
1.94163 -9.87086 0.094312
1.94352 -9.87047 0.0942302
1.94541 -9.87009 0.0941484
1.9473 -9.8697 0.0940666
1.94919 -9.86931 0.0939848
1.95107 -9.86893 0.093903
1.95296 -9.86854 0.0938212
1.95485 -9.86815 0.0937394
1.95674 -9.86776 0.0936576
1.95863 -9.86737 0.0935757
1.96051 -9.86698 0.0934939
1.9624 -9.86659 0.0934121
1.96429 -9.8662 0.0933302
1.96618 -9.86581 0.0932484
1.96807 -9.86542 0.0931666
1.96995 -9.86503 0.0930847
1.97184 -9.86464 0.0930029
1.97373 -9.86425 0.092921
1.97562 -9.86386 0.0928392
1.9775 -9.86346 0.0927573
1.97939 -9.86307 0.0926754
1.98128 -9.86268 0.0925936
1.98317 -9.86228 0.0925117
1.98505 -9.86189 0.0924298
1.98694 -9.86149 0.0923479
1.98883 -9.8611 0.0922661
1.99071 -9.8607 0.0921842
1.9926 -9.86031 0.0921023
1.99449 -9.85991 0.0920204
1.99637 -9.85951 0.0919385
1.99826 -9.85912 0.0918566
2.00015 -9.85872 0.0917747
2.00203 -9.85832 0.0916928
2.00392 -9.85792 0.0916109
2.0058 -9.85753 0.091529
2.00769 -9.85713 0.091447
2.00958 -9.85673 0.0913651
2.01146 -9.85633 0.0912832
2.01335 -9.85593 0.0912013
2.01523 -9.85553 0.0911193
2.01712 -9.85513 0.0910374
2.01901 -9.85473 0.0909555
2.02089 -9.85432 0.0908735
2.02278 -9.85392 0.0907916
2.02466 -9.85352 0.0907096
2.02655 -9.85312 0.0906277
2.02843 -9.85271 0.0905457
2.03032 -9.85231 0.0904638
2.0322 -9.85191 0.0903818
2.03409 -9.8515 0.0902998
2.03597 -9.8511 0.0902179
2.03786 -9.85069 0.0901359
2.03974 -9.85029 0.0900539
2.04163 -9.84988 0.0899719
2.04351 -9.84948 0.0898899
2.0454 -9.84907 0.089808
2.04728 -9.84866 0.089726
2.04916 -9.84825 0.089644
2.05105 -9.84785 0.089562
2.05293 -9.84744 0.08948
2.05482 -9.84703 0.089398
2.0567 -9.84662 0.089316
2.05859 -9.84621 0.0892339
2.06047 -9.8458 0.0891519
2.06235 -9.84539 0.0890699
2.06424 -9.84498 0.0889879
2.06612 -9.84457 0.0889059
2.068 -9.84416 0.0888238
2.06989 -9.84375 0.0887418
2.07177 -9.84334 0.0886598
2.07365 -9.84292 0.0885777
2.07554 -9.84251 0.0884957
2.07742 -9.8421 0.0884136
2.0793 -9.84169 0.0883316
2.08119 -9.84127 0.0882495
2.08307 -9.84086 0.0881675
2.08495 -9.84044 0.0880854
2.08684 -9.84003 0.0880033
2.08872 -9.83961 0.0879213
2.0906 -9.8392 0.0878392
2.09248 -9.83878 0.0877571
2.09437 -9.83836 0.0876751
2.09625 -9.83795 0.087593
2.09813 -9.83753 0.0875109
2.10001 -9.83711 0.0874288
2.10189 -9.83669 0.0873467
2.10378 -9.83628 0.0872646
2.10566 -9.83586 0.0871825
2.10754 -9.83544 0.0871004
2.10942 -9.83502 0.0870183
2.1113 -9.8346 0.0869362
2.11319 -9.83418 0.0868541
2.11507 -9.83376 0.086772
2.11695 -9.83334 0.0866899
2.11883 -9.83292 0.0866077
2.12071 -9.83249 0.0865256
2.12259 -9.83207 0.0864435
2.12447 -9.83165 0.0863614
2.12635 -9.83123 0.0862792
2.12824 -9.8308 0.0861971
2.13012 -9.83038 0.0861149
2.132 -9.82995 0.0860328
2.13388 -9.82953 0.0859507
2.13576 -9.82911 0.0858685
2.13764 -9.82868 0.0857863
2.13952 -9.82825 0.0857042
2.1414 -9.82783 0.085622
2.14328 -9.8274 0.0855399
2.14516 -9.82698 0.0854577
2.14704 -9.82655 0.0853755
2.14892 -9.82612 0.0852933
2.1508 -9.82569 0.0852112
2.15268 -9.82526 0.085129
2.15456 -9.82484 0.0850468
2.15644 -9.82441 0.0849646
2.15832 -9.82398 0.0848824
2.1602 -9.82355 0.0848002
2.16208 -9.82312 0.084718
2.16396 -9.82269 0.0846358
2.16584 -9.82226 0.0845536
2.16772 -9.82182 0.0844714
2.16959 -9.82139 0.0843892
2.17147 -9.82096 0.084307
2.17335 -9.82053 0.0842248
2.17523 -9.82009 0.0841426
2.17711 -9.81966 0.0840603
2.17899 -9.81923 0.0839781
2.18087 -9.81879 0.0838959
2.18275 -9.81836 0.0838136
2.18462 -9.81792 0.0837314
2.1865 -9.81749 0.0836492
2.18838 -9.81705 0.0835669
2.19026 -9.81662 0.0834847
2.19214 -9.81618 0.0834024
2.19402 -9.81575 0.0833202
2.19589 -9.81531 0.0832379
2.19777 -9.81487 0.0831557
2.19965 -9.81443 0.0830734
2.20153 -9.81399 0.0829911
2.2034 -9.81356 0.0829089
2.20528 -9.81312 0.0828266
2.20716 -9.81268 0.0827443
2.20904 -9.81224 0.082662
2.21091 -9.8118 0.0825798
2.21279 -9.81136 0.0824975
2.21467 -9.81092 0.0824152
2.21654 -9.81048 0.0823329
2.21842 -9.81003 0.0822506
2.2203 -9.80959 0.0821683
2.22218 -9.80915 0.082086
2.22405 -9.80871 0.0820037
2.22593 -9.80826 0.0819214
2.2278 -9.80782 0.0818391
2.22968 -9.80738 0.0817568
2.23156 -9.80693 0.0816744
2.23343 -9.80649 0.0815921
2.23531 -9.80604 0.0815098
2.23719 -9.8056 0.0814275
2.23906 -9.80515 0.0813451
2.24094 -9.8047 0.0812628
2.24281 -9.80426 0.0811805
2.24469 -9.80381 0.0810981
2.24656 -9.80336 0.0810158
2.24844 -9.80292 0.0809334
2.25032 -9.80247 0.0808511
2.25219 -9.80202 0.0807687
2.25407 -9.80157 0.0806864
2.25594 -9.80112 0.080604
2.25782 -9.80067 0.0805217
2.25969 -9.80022 0.0804393
2.26157 -9.79977 0.0803569
2.26344 -9.79932 0.0802746
2.26532 -9.79887 0.0801922
2.26719 -9.79842 0.0801098
2.26906 -9.79797 0.0800274
2.27094 -9.79751 0.0799451
2.27281 -9.79706 0.0798627
2.27469 -9.79661 0.0797803
2.27656 -9.79615 0.0796979
2.27844 -9.7957 0.0796155
2.28031 -9.79525 0.0795331
2.28218 -9.79479 0.0794507
2.28406 -9.79434 0.0793683
2.28593 -9.79388 0.0792859
2.28781 -9.79343 0.0792035
2.28968 -9.79297 0.0791211
2.29155 -9.79251 0.0790386
2.29343 -9.79206 0.0789562
2.2953 -9.7916 0.0788738
2.29717 -9.79114 0.0787914
2.29904 -9.79068 0.0787089
2.30092 -9.79022 0.0786265
2.30279 -9.78977 0.0785441
2.30466 -9.78931 0.0784616
2.30654 -9.78885 0.0783792
2.30841 -9.78839 0.0782967
2.31028 -9.78793 0.0782143
2.31215 -9.78747 0.0781318
2.31403 -9.78701 0.0780494
2.3159 -9.78654 0.0779669
2.31777 -9.78608 0.0778845
2.31964 -9.78562 0.077802
2.32152 -9.78516 0.0777195
2.32339 -9.78469 0.0776371
2.32526 -9.78423 0.0775546
2.32713 -9.78377 0.0774721
2.329 -9.7833 0.0773897
2.33087 -9.78284 0.0773072
2.33275 -9.78237 0.0772247
2.33462 -9.78191 0.0771422
2.33649 -9.78144 0.0770597
2.33836 -9.78098 0.0769772
2.34023 -9.78051 0.0768947
2.3421 -9.78004 0.0768122
2.34397 -9.77958 0.0767297
2.34584 -9.77911 0.0766472
2.34771 -9.77864 0.0765647
2.34958 -9.77817 0.0764822
2.35146 -9.77771 0.0763997
2.35333 -9.77724 0.0763172
2.3552 -9.77677 0.0762347
2.35707 -9.7763 0.0761521
2.35894 -9.77583 0.0760696
2.36081 -9.77536 0.0759871
2.36268 -9.77489 0.0759046
2.36455 -9.77441 0.075822
2.36642 -9.77394 0.0757395
2.36829 -9.77347 0.0756569
2.37016 -9.773 0.0755744
2.37203 -9.77253 0.0754919
2.37389 -9.77205 0.0754093
2.37576 -9.77158 0.0753268
2.37763 -9.7711 0.0752442
2.3795 -9.77063 0.0751616
2.38137 -9.77016 0.0750791
2.38324 -9.76968 0.0749965
2.38511 -9.76921 0.0749139
2.38698 -9.76873 0.0748314
2.38885 -9.76825 0.0747488
2.39072 -9.76778 0.0746662
2.39258 -9.7673 0.0745837
2.39445 -9.76682 0.0745011
2.39632 -9.76634 0.0744185
2.39819 -9.76587 0.0743359
2.40006 -9.76539 0.0742533
2.40193 -9.76491 0.0741707
2.40379 -9.76443 0.0740881
2.40566 -9.76395 0.0740055
2.40753 -9.76347 0.0739229
2.4094 -9.76299 0.0738403
2.41126 -9.76251 0.0737577
2.41313 -9.76203 0.0736751
2.415 -9.76155 0.0735925
2.41687 -9.76106 0.0735099
2.41873 -9.76058 0.0734273
2.4206 -9.7601 0.0733446
2.42247 -9.75962 0.073262
2.42434 -9.75913 0.0731794
2.4262 -9.75865 0.0730968
2.42807 -9.75817 0.0730141
2.42994 -9.75768 0.0729315
2.4318 -9.7572 0.0728489
2.43367 -9.75671 0.0727662
2.43553 -9.75623 0.0726836
2.4374 -9.75574 0.0726009
2.43927 -9.75525 0.0725183
2.44113 -9.75477 0.0724356
2.443 -9.75428 0.072353
2.44487 -9.75379 0.0722703
2.44673 -9.7533 0.0721877
2.4486 -9.75281 0.072105
2.45046 -9.75233 0.0720223
2.45233 -9.75184 0.0719397
2.45419 -9.75135 0.071857
2.45606 -9.75086 0.0717743
2.45792 -9.75037 0.0716916
2.45979 -9.74988 0.071609
2.46165 -9.74939 0.0715263
2.46352 -9.74889 0.0714436
2.46538 -9.7484 0.0713609
2.46725 -9.74791 0.0712782
2.46911 -9.74742 0.0711955
2.47098 -9.74693 0.0711128
2.47284 -9.74643 0.0710301
2.47471 -9.74594 0.0709474
2.47657 -9.74544 0.0708647
2.47843 -9.74495 0.070782
2.4803 -9.74446 0.0706993
2.48216 -9.74396 0.0706166
2.48403 -9.74346 0.0705339
2.48589 -9.74297 0.0704511
2.48775 -9.74247 0.0703684
2.48962 -9.74198 0.0702857
2.49148 -9.74148 0.070203
2.49334 -9.74098 0.0701202
2.49521 -9.74048 0.0700375
2.49707 -9.73999 0.0699548
2.49893 -9.73949 0.069872
2.5008 -9.73899 0.0697893
2.50266 -9.73849 0.0697066
2.50452 -9.73799 0.0696238
2.50639 -9.73749 0.0695411
2.50825 -9.73699 0.0694583
2.51011 -9.73649 0.0693756
2.51197 -9.73599 0.0692928
2.51384 -9.73549 0.06921
2.5157 -9.73498 0.0691273
2.51756 -9.73448 0.0690445
2.51942 -9.73398 0.0689617
2.52128 -9.73348 0.068879
2.52315 -9.73297 0.0687962
2.52501 -9.73247 0.0687134
2.52687 -9.73196 0.0686307
2.52873 -9.73146 0.0685479
2.53059 -9.73095 0.0684651
2.53245 -9.73045 0.0683823
2.53431 -9.72994 0.0682995
2.53618 -9.72944 0.0682167
2.53804 -9.72893 0.0681339
2.5399 -9.72842 0.0680511
2.54176 -9.72792 0.0679683
2.54362 -9.72741 0.0678855
2.54548 -9.7269 0.0678027
2.54734 -9.72639 0.0677199
2.5492 -9.72588 0.0676371
2.55106 -9.72537 0.0675543
2.55292 -9.72487 0.0674715
2.55478 -9.72436 0.0673887
2.55664 -9.72385 0.0673058
2.5585 -9.72333 0.067223
2.56036 -9.72282 0.0671402
2.56222 -9.72231 0.0670574
2.56408 -9.7218 0.0669745
2.56594 -9.72129 0.0668917
2.5678 -9.72078 0.0668089
2.56966 -9.72026 0.066726
2.57152 -9.71975 0.0666432
2.57338 -9.71924 0.0665603
2.57524 -9.71872 0.0664775
2.5771 -9.71821 0.0663947
2.57896 -9.71769 0.0663118
2.58081 -9.71718 0.066229
2.58267 -9.71666 0.0661461
2.58453 -9.71615 0.0660632
2.58639 -9.71563 0.0659804
2.58825 -9.71511 0.0658975
2.59011 -9.7146 0.0658146
2.59196 -9.71408 0.0657318
2.59382 -9.71356 0.0656489
2.59568 -9.71304 0.065566
2.59754 -9.71252 0.0654832
2.5994 -9.71201 0.0654003
2.60125 -9.71149 0.0653174
2.60311 -9.71097 0.0652345
2.60497 -9.71045 0.0651516
2.60683 -9.70993 0.0650687
2.60868 -9.70941 0.0649858
2.61054 -9.70888 0.0649029
2.6124 -9.70836 0.06482
2.61425 -9.70784 0.0647371
2.61611 -9.70732 0.0646542
2.61797 -9.7068 0.0645713
2.61982 -9.70627 0.0644884
2.62168 -9.70575 0.0644055
2.62354 -9.70523 0.0643226
2.62539 -9.7047 0.0642397
2.62725 -9.70418 0.0641568
2.62911 -9.70365 0.0640739
2.63096 -9.70313 0.0639909
2.63282 -9.7026 0.063908
2.63467 -9.70207 0.0638251
2.63653 -9.70155 0.0637422
2.63839 -9.70102 0.0636592
2.64024 -9.70049 0.0635763
2.6421 -9.69997 0.0634934
2.64395 -9.69944 0.0634104
2.64581 -9.69891 0.0633275
2.64766 -9.69838 0.0632445
2.64952 -9.69785 0.0631616
2.65137 -9.69732 0.0630786
2.65323 -9.69679 0.0629957
2.65508 -9.69626 0.0629127
2.65694 -9.69573 0.0628298
2.65879 -9.6952 0.0627468
2.66064 -9.69467 0.0626639
2.6625 -9.69414 0.0625809
2.66435 -9.69361 0.0624979
2.66621 -9.69307 0.062415
2.66806 -9.69254 0.062332
2.66991 -9.69201 0.062249
2.67177 -9.69147 0.062166
2.67362 -9.69094 0.0620831
2.67548 -9.69041 0.0620001
2.67733 -9.68987 0.0619171
2.67918 -9.68934 0.0618341
2.68104 -9.6888 0.0617511
2.68289 -9.68826 0.0616681
2.68474 -9.68773 0.0615851
2.68659 -9.68719 0.0615021
2.68845 -9.68665 0.0614191
2.6903 -9.68612 0.0613361
2.69215 -9.68558 0.0612531
2.69401 -9.68504 0.0611701
2.69586 -9.6845 0.0610871
2.69771 -9.68396 0.0610041
2.69956 -9.68342 0.0609211
2.70141 -9.68289 0.0608381
2.70327 -9.68235 0.0607551
2.70512 -9.6818 0.0606721
2.70697 -9.68126 0.060589
2.70882 -9.68072 0.060506
2.71067 -9.68018 0.060423
2.71252 -9.67964 0.06034
2.71438 -9.6791 0.0602569
2.71623 -9.67855 0.0601739
2.71808 -9.67801 0.0600909
2.71993 -9.67747 0.0600078
2.72178 -9.67692 0.0599248
2.72363 -9.67638 0.0598417
2.72548 -9.67584 0.0597587
2.72733 -9.67529 0.0596757
2.72918 -9.67475 0.0595926
2.73103 -9.6742 0.0595096
2.73288 -9.67365 0.0594265
2.73473 -9.67311 0.0593434
2.73658 -9.67256 0.0592604
2.73843 -9.67201 0.0591773
2.74028 -9.67147 0.0590943
2.74213 -9.67092 0.0590112
2.74398 -9.67037 0.0589281
2.74583 -9.66982 0.0588451
2.74768 -9.66927 0.058762
2.74953 -9.66872 0.0586789
2.75138 -9.66817 0.0585958
2.75323 -9.66762 0.0585128
2.75508 -9.66707 0.0584297
2.75693 -9.66652 0.0583466
2.75878 -9.66597 0.0582635
2.76062 -9.66542 0.0581804
2.76247 -9.66487 0.0580973
2.76432 -9.66432 0.0580142
2.76617 -9.66376 0.0579311
2.76802 -9.66321 0.0578481
2.76987 -9.66266 0.057765
2.77171 -9.6621 0.0576819
2.77356 -9.66155 0.0575987
2.77541 -9.66099 0.0575156
2.77726 -9.66044 0.0574325
2.77911 -9.65988 0.0573494
2.78095 -9.65933 0.0572663
2.7828 -9.65877 0.0571832
2.78465 -9.65821 0.0571001
2.7865 -9.65766 0.057017
2.78834 -9.6571 0.0569338
2.79019 -9.65654 0.0568507
2.79204 -9.65598 0.0567676
2.79388 -9.65543 0.0566845
2.79573 -9.65487 0.0566013
2.79758 -9.65431 0.0565182
2.79942 -9.65375 0.0564351
2.80127 -9.65319 0.0563519
2.80311 -9.65263 0.0562688
2.80496 -9.65207 0.0561856
2.80681 -9.65151 0.0561025
2.80865 -9.65095 0.0560194
2.8105 -9.65038 0.0559362
2.81234 -9.64982 0.0558531
2.81419 -9.64926 0.0557699
2.81603 -9.6487 0.0556868
2.81788 -9.64813 0.0556036
2.81973 -9.64757 0.0555204
2.82157 -9.64701 0.0554373
2.82342 -9.64644 0.0553541
2.82526 -9.64588 0.055271
2.82711 -9.64531 0.0551878
2.82895 -9.64475 0.0551046
2.83079 -9.64418 0.0550214
2.83264 -9.64361 0.0549383
2.83448 -9.64305 0.0548551
2.83633 -9.64248 0.0547719
2.83817 -9.64191 0.0546887
2.84002 -9.64135 0.0546056
2.84186 -9.64078 0.0545224
2.8437 -9.64021 0.0544392
2.84555 -9.63964 0.054356
2.84739 -9.63907 0.0542728
2.84923 -9.6385 0.0541896
2.85108 -9.63793 0.0541064
2.85292 -9.63736 0.0540232
2.85476 -9.63679 0.05394
2.85661 -9.63622 0.0538568
2.85845 -9.63565 0.0537736
2.86029 -9.63508 0.0536904
2.86213 -9.6345 0.0536072
2.86398 -9.63393 0.053524
2.86582 -9.63336 0.0534408
2.86766 -9.63278 0.0533576
2.8695 -9.63221 0.0532744
2.87135 -9.63164 0.0531911
2.87319 -9.63106 0.0531079
2.87503 -9.63049 0.0530247
2.87687 -9.62991 0.0529415
2.87871 -9.62934 0.0528583
2.88056 -9.62876 0.052775
2.8824 -9.62818 0.0526918
2.88424 -9.62761 0.0526086
2.88608 -9.62703 0.0525253
2.88792 -9.62645 0.0524421
2.88976 -9.62588 0.0523589
2.8916 -9.6253 0.0522756
2.89344 -9.62472 0.0521924
2.89528 -9.62414 0.0521091
2.89712 -9.62356 0.0520259
2.89896 -9.62298 0.0519426
2.9008 -9.6224 0.0518594
2.90265 -9.62182 0.0517761
2.90449 -9.62124 0.0516929
2.90633 -9.62066 0.0516096
2.90817 -9.62008 0.0515264
2.91 -9.61949 0.0514431
2.91184 -9.61891 0.0513598
2.91368 -9.61833 0.0512766
2.91552 -9.61775 0.0511933
2.91736 -9.61716 0.05111
2.9192 -9.61658 0.0510268
2.92104 -9.616 0.0509435
2.92288 -9.61541 0.0508602
2.92472 -9.61483 0.050777
2.92656 -9.61424 0.0506937
2.9284 -9.61365 0.0506104
2.93023 -9.61307 0.0505271
2.93207 -9.61248 0.0504438
2.93391 -9.6119 0.0503605
2.93575 -9.61131 0.0502773
2.93759 -9.61072 0.050194
2.93943 -9.61013 0.0501107
2.94126 -9.60954 0.0500274
2.9431 -9.60896 0.0499441
2.94494 -9.60837 0.0498608
2.94678 -9.60778 0.0497775
2.94861 -9.60719 0.0496942
2.95045 -9.6066 0.0496109
2.95229 -9.60601 0.0495276
2.95412 -9.60542 0.0494443
2.95596 -9.60483 0.049361
2.9578 -9.60423 0.0492777
2.95963 -9.60364 0.0491943
2.96147 -9.60305 0.049111
2.96331 -9.60246 0.0490277
2.96514 -9.60186 0.0489444
2.96698 -9.60127 0.0488611
2.96882 -9.60068 0.0487777
2.97065 -9.60008 0.0486944
2.97249 -9.59949 0.0486111
2.97432 -9.59889 0.0485278
2.97616 -9.5983 0.0484444
2.978 -9.5977 0.0483611
2.97983 -9.5971 0.0482778
2.98167 -9.59651 0.0481944
2.9835 -9.59591 0.0481111
2.98534 -9.59531 0.0480278
2.98717 -9.59472 0.0479444
2.98901 -9.59412 0.0478611
2.99084 -9.59352 0.0477777
2.99268 -9.59292 0.0476944
2.99451 -9.59232 0.047611
2.99634 -9.59172 0.0475277
2.99818 -9.59112 0.0474443
3.00001 -9.59052 0.047361
3.00185 -9.58992 0.0472776
3.00368 -9.58932 0.0471943
3.00551 -9.58872 0.0471109
3.00735 -9.58812 0.0470275
3.00918 -9.58752 0.0469442
3.01101 -9.58691 0.0468608
3.01285 -9.58631 0.0467775
3.01468 -9.58571 0.0466941
3.01651 -9.5851 0.0466107
3.01835 -9.5845 0.0465273
3.02018 -9.5839 0.046444
3.02201 -9.58329 0.0463606
3.02385 -9.58269 0.0462772
3.02568 -9.58208 0.0461938
3.02751 -9.58148 0.0461105
3.02934 -9.58087 0.0460271
3.03117 -9.58026 0.0459437
3.03301 -9.57966 0.0458603
3.03484 -9.57905 0.0457769
3.03667 -9.57844 0.0456935
3.0385 -9.57783 0.0456101
3.04033 -9.57723 0.0455267
3.04216 -9.57662 0.0454433
3.044 -9.57601 0.0453599
3.04583 -9.5754 0.0452765
3.04766 -9.57479 0.0451931
3.04949 -9.57418 0.0451097
3.05132 -9.57357 0.0450263
3.05315 -9.57296 0.0449429
3.05498 -9.57234 0.0448595
3.05681 -9.57173 0.0447761
3.05864 -9.57112 0.0446927
3.06047 -9.57051 0.0446093
3.0623 -9.5699 0.0445259
3.06413 -9.56928 0.0444425
3.06596 -9.56867 0.044359
3.06779 -9.56805 0.0442756
3.06962 -9.56744 0.0441922
3.07145 -9.56683 0.0441088
3.07328 -9.56621 0.0440253
3.07511 -9.5656 0.0439419
3.07694 -9.56498 0.0438585
3.07877 -9.56436 0.0437751
3.0806 -9.56375 0.0436916
3.08243 -9.56313 0.0436082
3.08425 -9.56251 0.0435248
3.08608 -9.5619 0.0434413
3.08791 -9.56128 0.0433579
3.08974 -9.56066 0.0432744
3.09157 -9.56004 0.043191
3.0934 -9.55942 0.0431076
3.09522 -9.5588 0.0430241
3.09705 -9.55818 0.0429407
3.09888 -9.55756 0.0428572
3.10071 -9.55694 0.0427738
3.10253 -9.55632 0.0426903
3.10436 -9.5557 0.0426069
3.10619 -9.55508 0.0425234
3.10802 -9.55445 0.04244
3.10984 -9.55383 0.0423565
3.11167 -9.55321 0.042273
3.1135 -9.55259 0.0421896
3.11532 -9.55196 0.0421061
3.11715 -9.55134 0.0420226
3.11898 -9.55071 0.0419392
3.1208 -9.55009 0.0418557
3.12263 -9.54946 0.0417722
3.12445 -9.54884 0.0416888
3.12628 -9.54821 0.0416053
3.12811 -9.54759 0.0415218
3.12993 -9.54696 0.0414383
3.13176 -9.54633 0.0413549
3.13358 -9.54571 0.0412714
3.13541 -9.54508 0.0411879
3.13723 -9.54445 0.0411044
3.13906 -9.54382 0.0410209
3.14088 -9.54319 0.0409375
3.14271 -9.54256 0.040854
3.14453 -9.54193 0.0407705
3.14636 -9.5413 0.040687
3.14818 -9.54067 0.0406035
3.15001 -9.54004 0.04052
3.15183 -9.53941 0.0404365
3.15365 -9.53878 0.040353
3.15548 -9.53815 0.0402695
3.1573 -9.53752 0.040186
3.15913 -9.53689 0.0401025
3.16095 -9.53625 0.040019
3.16277 -9.53562 0.0399355
3.1646 -9.53499 0.039852
3.16642 -9.53435 0.0397685
3.16824 -9.53372 0.039685
3.17007 -9.53308 0.0396015
3.17189 -9.53245 0.039518
3.17371 -9.53181 0.0394344
3.17553 -9.53118 0.0393509
3.17736 -9.53054 0.0392674
3.17918 -9.5299 0.0391839
3.181 -9.52927 0.0391004
3.18282 -9.52863 0.0390168
3.18464 -9.52799 0.0389333
3.18647 -9.52735 0.0388498
3.18829 -9.52672 0.0387663
3.19011 -9.52608 0.0386827
3.19193 -9.52544 0.0385992
3.19375 -9.5248 0.0385157
3.19557 -9.52416 0.0384322
3.19739 -9.52352 0.0383486
3.19922 -9.52288 0.0382651
3.20104 -9.52224 0.0381815
3.20286 -9.52159 0.038098
3.20468 -9.52095 0.0380145
3.2065 -9.52031 0.0379309
3.20832 -9.51967 0.0378474
3.21014 -9.51903 0.0377638
3.21196 -9.51838 0.0376803
3.21378 -9.51774 0.0375968
3.2156 -9.51709 0.0375132
3.21742 -9.51645 0.0374297
3.21924 -9.51581 0.0373461
3.22106 -9.51516 0.0372625
3.22288 -9.51452 0.037179
3.2247 -9.51387 0.0370954
3.22652 -9.51322 0.0370119
3.22833 -9.51258 0.0369283
3.23015 -9.51193 0.0368448
3.23197 -9.51128 0.0367612
3.23379 -9.51064 0.0366776
3.23561 -9.50999 0.0365941
3.23743 -9.50934 0.0365105
3.23925 -9.50869 0.0364269
3.24106 -9.50804 0.0363434
3.24288 -9.50739 0.0362598
3.2447 -9.50674 0.0361762
3.24652 -9.50609 0.0360927
3.24834 -9.50544 0.0360091
3.25015 -9.50479 0.0359255
3.25197 -9.50414 0.0358419
3.25379 -9.50349 0.0357584
3.2556 -9.50284 0.0356748
3.25742 -9.50218 0.0355912
3.25924 -9.50153 0.0355076
3.26105 -9.50088 0.035424
3.26287 -9.50022 0.0353404
3.26469 -9.49957 0.0352569
3.2665 -9.49891 0.0351733
3.26832 -9.49826 0.0350897
3.27014 -9.49761 0.0350061
3.27195 -9.49695 0.0349225
3.27377 -9.49629 0.0348389
3.27558 -9.49564 0.0347553
3.2774 -9.49498 0.0346717
3.27921 -9.49432 0.0345881
3.28103 -9.49367 0.0345045
3.28285 -9.49301 0.0344209
3.28466 -9.49235 0.0343373
3.28648 -9.49169 0.0342537
3.28829 -9.49104 0.0341701
3.2901 -9.49038 0.0340865
3.29192 -9.48972 0.0340029
3.29373 -9.48906 0.0339193
3.29555 -9.4884 0.0338357
3.29736 -9.48774 0.0337521
3.29918 -9.48708 0.0336685
3.30099 -9.48641 0.0335848
3.3028 -9.48575 0.0335012
3.30462 -9.48509 0.0334176
3.30643 -9.48443 0.033334
3.30824 -9.48377 0.0332504
3.31006 -9.4831 0.0331668
3.31187 -9.48244 0.0330831
3.31368 -9.48177 0.0329995
3.3155 -9.48111 0.0329159
3.31731 -9.48045 0.0328323
3.31912 -9.47978 0.0327486
3.32093 -9.47912 0.032665
3.32275 -9.47845 0.0325814
3.32456 -9.47778 0.0324978
3.32637 -9.47712 0.0324141
3.32818 -9.47645 0.0323305
3.33 -9.47578 0.0322469
3.33181 -9.47512 0.0321632
3.33362 -9.47445 0.0320796
3.33543 -9.47378 0.031996
3.33724 -9.47311 0.0319123
3.33905 -9.47244 0.0318287
3.34086 -9.47177 0.031745
3.34267 -9.4711 0.0316614
3.34449 -9.47043 0.0315777
3.3463 -9.46976 0.0314941
3.34811 -9.46909 0.0314105
3.34992 -9.46842 0.0313268
3.35173 -9.46775 0.0312432
3.35354 -9.46708 0.0311595
3.35535 -9.46641 0.0310759
3.35716 -9.46573 0.0309922
3.35897 -9.46506 0.0309086
3.36078 -9.46439 0.0308249
3.36259 -9.46371 0.0307412
3.3644 -9.46304 0.0306576
3.3662 -9.46236 0.0305739
3.36801 -9.46169 0.0304903
3.36982 -9.46101 0.0304066
3.37163 -9.46034 0.0303229
3.37344 -9.45966 0.0302393
3.37525 -9.45899 0.0301556
3.37706 -9.45831 0.030072
3.37887 -9.45763 0.0299883
3.38067 -9.45695 0.0299046
3.38248 -9.45628 0.029821
3.38429 -9.4556 0.0297373
3.3861 -9.45492 0.0296536
3.38791 -9.45424 0.0295699
3.38971 -9.45356 0.0294863
3.39152 -9.45288 0.0294026
3.39333 -9.4522 0.0293189
3.39513 -9.45152 0.0292352
3.39694 -9.45084 0.0291516
3.39875 -9.45016 0.0290679
3.40056 -9.44948 0.0289842
3.40236 -9.4488 0.0289005
3.40417 -9.44811 0.0288168
3.40597 -9.44743 0.0287332
3.40778 -9.44675 0.0286495
3.40959 -9.44607 0.0285658
3.41139 -9.44538 0.0284821
3.4132 -9.4447 0.0283984
3.415 -9.44401 0.0283147
3.41681 -9.44333 0.028231
3.41862 -9.44264 0.0281473
3.42042 -9.44196 0.0280637
3.42223 -9.44127 0.02798
3.42403 -9.44059 0.0278963
3.42584 -9.4399 0.0278126
3.42764 -9.43921 0.0277289
3.42945 -9.43853 0.0276452
3.43125 -9.43784 0.0275615
3.43305 -9.43715 0.0274778
3.43486 -9.43646 0.0273941
3.43666 -9.43577 0.0273104
3.43847 -9.43508 0.0272267
3.44027 -9.43439 0.027143
3.44207 -9.4337 0.0270593
3.44388 -9.43301 0.0269756
3.44568 -9.43232 0.0268918
3.44748 -9.43163 0.0268081
