17.16 10.0161 -0.18501
17.1593 10.0173 -0.184996
17.1586 10.0185 -0.184982
17.1578 10.0196 -0.184968
17.1571 10.0208 -0.184955
17.1564 10.022 -0.184941
17.1557 10.0231 -0.184927
17.1549 10.0243 -0.184913
17.1542 10.0255 -0.184899
17.1535 10.0267 -0.184886
17.1527 10.0278 -0.184872
17.152 10.029 -0.184858
17.1513 10.0302 -0.184844
17.1505 10.0313 -0.18483
17.1498 10.0325 -0.184817
17.1491 10.0337 -0.184803
17.1483 10.0349 -0.184789
17.1476 10.036 -0.184775
17.1469 10.0372 -0.184762
17.1461 10.0384 -0.184748
17.1454 10.0395 -0.184734
17.1447 10.0407 -0.18472
17.1439 10.0419 -0.184706
17.1432 10.043 -0.184693
17.1425 10.0442 -0.184679
17.1417 10.0454 -0.184665
17.141 10.0466 -0.184651
17.1403 10.0477 -0.184637
17.1395 10.0489 -0.184623
17.1388 10.0501 -0.18461
17.138 10.0512 -0.184596
17.1373 10.0524 -0.184582
17.1366 10.0536 -0.184568
17.1358 10.0548 -0.184554
17.1351 10.0559 -0.184541
17.1344 10.0571 -0.184527
17.1336 10.0583 -0.184513
17.1329 10.0594 -0.184499
17.1322 10.0606 -0.184485
17.1314 10.0618 -0.184472
17.1307 10.0629 -0.184458
17.13 10.0641 -0.184444
17.1292 10.0653 -0.18443
17.1285 10.0664 -0.184416
17.1278 10.0676 -0.184402
17.127 10.0688 -0.184389
17.1263 10.07 -0.184375
17.1256 10.0711 -0.184361
17.1248 10.0723 -0.184347
17.1241 10.0735 -0.184333
17.1233 10.0746 -0.184319
17.1226 10.0758 -0.184306
17.1219 10.077 -0.184292
17.1211 10.0781 -0.184278
17.1204 10.0793 -0.184264
17.1197 10.0805 -0.18425
17.1189 10.0816 -0.184237
17.1182 10.0828 -0.184223
17.1175 10.084 -0.184209
17.1167 10.0852 -0.184195
17.116 10.0863 -0.184181
17.1152 10.0875 -0.184167
17.1145 10.0887 -0.184153
17.1138 10.0898 -0.18414
17.113 10.091 -0.184126
17.1123 10.0922 -0.184112
17.1116 10.0933 -0.184098
17.1108 10.0945 -0.184084
17.1101 10.0957 -0.18407
17.1093 10.0968 -0.184057
17.1086 10.098 -0.184043
17.1079 10.0992 -0.184029
17.1071 10.1003 -0.184015
17.1064 10.1015 -0.184001
17.1057 10.1027 -0.183987
17.1049 10.1038 -0.183974
17.1042 10.105 -0.18396
17.1034 10.1062 -0.183946
17.1027 10.1074 -0.183932
17.102 10.1085 -0.183918
17.1012 10.1097 -0.183904
17.1005 10.1109 -0.18389
17.0997 10.112 -0.183877
17.099 10.1132 -0.183863
17.0983 10.1144 -0.183849
17.0975 10.1155 -0.183835
17.0968 10.1167 -0.183821
17.096 10.1179 -0.183807
17.0953 10.119 -0.183793
17.0946 10.1202 -0.183779
17.0938 10.1214 -0.183766
17.0931 10.1225 -0.183752
17.0924 10.1237 -0.183738
17.0916 10.1249 -0.183724
17.0909 10.126 -0.18371
17.0901 10.1272 -0.183696
17.0894 10.1284 -0.183682
17.0887 10.1295 -0.183669
17.0879 10.1307 -0.183655
17.0872 10.1319 -0.183641
17.0864 10.133 -0.183627
17.0857 10.1342 -0.183613
17.0849 10.1354 -0.183599
17.0842 10.1365 -0.183585
17.0835 10.1377 -0.183571
17.0827 10.1389 -0.183558
17.082 10.14 -0.183544
17.0812 10.1412 -0.18353
17.0805 10.1424 -0.183516
17.0798 10.1435 -0.183502
17.079 10.1447 -0.183488
17.0783 10.1459 -0.183474
17.0775 10.147 -0.18346
17.0768 10.1482 -0.183446
17.0761 10.1494 -0.183433
17.0753 10.1505 -0.183419
17.0746 10.1517 -0.183405
17.0738 10.1529 -0.183391
17.0731 10.154 -0.183377
17.0723 10.1552 -0.183363
17.0716 10.1564 -0.183349
17.0709 10.1575 -0.183335
17.0701 10.1587 -0.183321
17.0694 10.1599 -0.183308
17.0686 10.161 -0.183294
17.0679 10.1622 -0.18328
17.0672 10.1633 -0.183266
17.0664 10.1645 -0.183252
17.0657 10.1657 -0.183238
17.0649 10.1668 -0.183224
17.0642 10.168 -0.18321
17.0634 10.1692 -0.183196
17.0627 10.1703 -0.183182
17.0619 10.1715 -0.183169
17.0612 10.1727 -0.183155
17.0605 10.1738 -0.183141
17.0597 10.175 -0.183127
17.059 10.1762 -0.183113
17.0582 10.1773 -0.183099
17.0575 10.1785 -0.183085
17.0567 10.1797 -0.183071
17.056 10.1808 -0.183057
17.0553 10.182 -0.183043
17.0545 10.1832 -0.183029
17.0538 10.1843 -0.183016
17.053 10.1855 -0.183002
17.0523 10.1866 -0.182988
17.0515 10.1878 -0.182974
17.0508 10.189 -0.18296
17.05 10.1901 -0.182946
17.0493 10.1913 -0.182932
17.0486 10.1925 -0.182918
17.0478 10.1936 -0.182904
17.0471 10.1948 -0.18289
17.0463 10.196 -0.182876
17.0456 10.1971 -0.182862
17.0448 10.1983 -0.182849
17.0441 10.1994 -0.182835
17.0433 10.2006 -0.182821
17.0426 10.2018 -0.182807
17.0419 10.2029 -0.182793
17.0411 10.2041 -0.182779
17.0404 10.2053 -0.182765
17.0396 10.2064 -0.182751
17.0389 10.2076 -0.182737
17.0381 10.2088 -0.182723
17.0374 10.2099 -0.182709
17.0366 10.2111 -0.182695
17.0359 10.2122 -0.182681
17.0351 10.2134 -0.182667
17.0344 10.2146 -0.182653
17.0336 10.2157 -0.18264
17.0329 10.2169 -0.182626
17.0322 10.2181 -0.182612
17.0314 10.2192 -0.182598
17.0307 10.2204 -0.182584
17.0299 10.2216 -0.18257
17.0292 10.2227 -0.182556
17.0284 10.2239 -0.182542
17.0277 10.225 -0.182528
17.0269 10.2262 -0.182514
17.0262 10.2274 -0.1825
17.0254 10.2285 -0.182486
17.0247 10.2297 -0.182472
17.0239 10.2309 -0.182458
17.0232 10.232 -0.182444
17.0224 10.2332 -0.18243
17.0217 10.2343 -0.182416
17.0209 10.2355 -0.182402
17.0202 10.2367 -0.182388
17.0194 10.2378 -0.182375
17.0187 10.239 -0.182361
17.0179 10.2402 -0.182347
17.0172 10.2413 -0.182333
17.0165 10.2425 -0.182319
17.0157 10.2436 -0.182305
17.015 10.2448 -0.182291
17.0142 10.246 -0.182277
17.0135 10.2471 -0.182263
17.0127 10.2483 -0.182249
17.012 10.2494 -0.182235
17.0112 10.2506 -0.182221
17.0105 10.2518 -0.182207
17.0097 10.2529 -0.182193
17.009 10.2541 -0.182179
17.0082 10.2553 -0.182165
17.0075 10.2564 -0.182151
17.0067 10.2576 -0.182137
17.006 10.2587 -0.182123
17.0052 10.2599 -0.182109
17.0045 10.2611 -0.182095
17.0037 10.2622 -0.182081
17.003 10.2634 -0.182067
17.0022 10.2645 -0.182053
17.0015 10.2657 -0.182039
17.0007 10.2669 -0.182025
17 10.268 -0.182011
16.9992 10.2692 -0.181997
16.9985 10.2703 -0.181983
16.9977 10.2715 -0.181969
16.997 10.2727 -0.181955
16.9962 10.2738 -0.181941
16.9955 10.275 -0.181927
16.9947 10.2761 -0.181913
16.994 10.2773 -0.181899
16.9932 10.2785 -0.181885
16.9925 10.2796 -0.181871
16.9917 10.2808 -0.181857
16.991 10.2819 -0.181843
16.9902 10.2831 -0.181829
16.9894 10.2843 -0.181815
16.9887 10.2854 -0.181801
16.9879 10.2866 -0.181788
16.9872 10.2877 -0.181774
16.9864 10.2889 -0.18176
16.9857 10.2901 -0.181746
16.9849 10.2912 -0.181732
16.9842 10.2924 -0.181718
16.9834 10.2935 -0.181704
16.9827 10.2947 -0.18169
16.9819 10.2959 -0.181676
16.9812 10.297 -0.181662
16.9804 10.2982 -0.181647
16.9797 10.2993 -0.181633
16.9789 10.3005 -0.181619
16.9782 10.3017 -0.181605
16.9774 10.3028 -0.181591
16.9767 10.304 -0.181577
16.9759 10.3051 -0.181563
16.9752 10.3063 -0.181549
16.9744 10.3075 -0.181535
16.9736 10.3086 -0.181521
16.9729 10.3098 -0.181507
16.9721 10.3109 -0.181493
16.9714 10.3121 -0.181479
16.9706 10.3133 -0.181465
16.9699 10.3144 -0.181451
16.9691 10.3156 -0.181437
16.9684 10.3167 -0.181423
16.9676 10.3179 -0.181409
16.9669 10.319 -0.181395
16.9661 10.3202 -0.181381
16.9654 10.3214 -0.181367
16.9646 10.3225 -0.181353
16.9638 10.3237 -0.181339
16.9631 10.3248 -0.181325
16.9623 10.326 -0.181311
16.9616 10.3272 -0.181297
16.9608 10.3283 -0.181283
16.9601 10.3295 -0.181269
16.9593 10.3306 -0.181255
16.9586 10.3318 -0.181241
16.9578 10.3329 -0.181227
16.9571 10.3341 -0.181213
16.9563 10.3353 -0.181199
16.9555 10.3364 -0.181185
16.9548 10.3376 -0.181171
16.954 10.3387 -0.181157
16.9533 10.3399 -0.181143
16.9525 10.341 -0.181129
16.9518 10.3422 -0.181115
16.951 10.3434 -0.181101
16.9503 10.3445 -0.181087
16.9495 10.3457 -0.181073
16.9487 10.3468 -0.181058
16.948 10.348 -0.181044
16.9472 10.3491 -0.18103
16.9465 10.3503 -0.181016
16.9457 10.3515 -0.181002
16.945 10.3526 -0.180988
16.9442 10.3538 -0.180974
16.9434 10.3549 -0.18096
16.9427 10.3561 -0.180946
16.9419 10.3572 -0.180932
16.9412 10.3584 -0.180918
16.9404 10.3596 -0.180904
16.9397 10.3607 -0.18089
16.9389 10.3619 -0.180876
16.9381 10.363 -0.180862
16.9374 10.3642 -0.180848
16.9366 10.3653 -0.180834
16.9359 10.3665 -0.18082
16.9351 10.3677 -0.180806
16.9344 10.3688 -0.180792
16.9336 10.37 -0.180777
16.9328 10.3711 -0.180763
16.9321 10.3723 -0.180749
16.9313 10.3734 -0.180735
16.9306 10.3746 -0.180721
16.9298 10.3757 -0.180707
16.929 10.3769 -0.180693
16.9283 10.3781 -0.180679
16.9275 10.3792 -0.180665
16.9268 10.3804 -0.180651
16.926 10.3815 -0.180637
16.9253 10.3827 -0.180623
16.9245 10.3838 -0.180609
16.9237 10.385 -0.180595
16.923 10.3861 -0.18058
16.9222 10.3873 -0.180566
16.9215 10.3885 -0.180552
16.9207 10.3896 -0.180538
16.9199 10.3908 -0.180524
16.9192 10.3919 -0.18051
16.9184 10.3931 -0.180496
16.9177 10.3942 -0.180482
16.9169 10.3954 -0.180468
16.9161 10.3965 -0.180454
16.9154 10.3977 -0.18044
16.9146 10.3989 -0.180426
16.9139 10.4 -0.180412
16.9131 10.4012 -0.180397
16.9123 10.4023 -0.180383
16.9116 10.4035 -0.180369
16.9108 10.4046 -0.180355
16.9101 10.4058 -0.180341
16.9093 10.4069 -0.180327
16.9085 10.4081 -0.180313
16.9078 10.4092 -0.180299
16.907 10.4104 -0.180285
16.9063 10.4116 -0.180271
16.9055 10.4127 -0.180257
16.9047 10.4139 -0.180242
16.904 10.415 -0.180228
16.9032 10.4162 -0.180214
16.9025 10.4173 -0.1802
16.9017 10.4185 -0.180186
16.9009 10.4196 -0.180172
16.9002 10.4208 -0.180158
16.8994 10.4219 -0.180144
16.8986 10.4231 -0.18013
16.8979 10.4242 -0.180116
16.8971 10.4254 -0.180101
16.8964 10.4266 -0.180087
16.8956 10.4277 -0.180073
16.8948 10.4289 -0.180059
16.8941 10.43 -0.180045
16.8933 10.4312 -0.180031
16.8925 10.4323 -0.180017
16.8918 10.4335 -0.180003
16.891 10.4346 -0.179989
16.8903 10.4358 -0.179974
16.8895 10.4369 -0.17996
16.8887 10.4381 -0.179946
16.888 10.4392 -0.179932
16.8872 10.4404 -0.179918
16.8864 10.4415 -0.179904
16.8857 10.4427 -0.17989
16.8849 10.4439 -0.179876
16.8842 10.445 -0.179862
16.8834 10.4462 -0.179847
16.8826 10.4473 -0.179833
16.8819 10.4485 -0.179819
16.8811 10.4496 -0.179805
16.8803 10.4508 -0.179791
16.8796 10.4519 -0.179777
16.8788 10.4531 -0.179763
16.878 10.4542 -0.179749
16.8773 10.4554 -0.179734
16.8765 10.4565 -0.17972
16.8758 10.4577 -0.179706
16.875 10.4588 -0.179692
16.8742 10.46 -0.179678
16.8735 10.4611 -0.179664
16.8727 10.4623 -0.17965
16.8719 10.4634 -0.179635
16.8712 10.4646 -0.179621
16.8704 10.4657 -0.179607
16.8696 10.4669 -0.179593
16.8689 10.468 -0.179579
16.8681 10.4692 -0.179565
16.8673 10.4704 -0.179551
16.8666 10.4715 -0.179537
16.8658 10.4727 -0.179522
16.865 10.4738 -0.179508
16.8643 10.475 -0.179494
16.8635 10.4761 -0.17948
16.8627 10.4773 -0.179466
16.862 10.4784 -0.179452
16.8612 10.4796 -0.179438
16.8604 10.4807 -0.179423
16.8597 10.4819 -0.179409
16.8589 10.483 -0.179395
16.8581 10.4842 -0.179381
16.8574 10.4853 -0.179367
16.8566 10.4865 -0.179353
16.8558 10.4876 -0.179338
16.8551 10.4888 -0.179324
16.8543 10.4899 -0.17931
16.8535 10.4911 -0.179296
16.8528 10.4922 -0.179282
16.852 10.4934 -0.179268
16.8512 10.4945 -0.179254
16.8505 10.4957 -0.179239
16.8497 10.4968 -0.179225
16.8489 10.498 -0.179211
16.8482 10.4991 -0.179197
16.8474 10.5003 -0.179183
16.8466 10.5014 -0.179169
16.8459 10.5026 -0.179154
16.8451 10.5037 -0.17914
16.8443 10.5049 -0.179126
16.8436 10.506 -0.179112
16.8428 10.5072 -0.179098
16.842 10.5083 -0.179084
16.8413 10.5095 -0.179069
16.8405 10.5106 -0.179055
16.8397 10.5118 -0.179041
16.839 10.5129 -0.179027
16.8382 10.5141 -0.179013
16.8374 10.5152 -0.178998
16.8367 10.5164 -0.178984
16.8359 10.5175 -0.17897
16.8351 10.5187 -0.178956
16.8344 10.5198 -0.178942
16.8336 10.521 -0.178928
16.8328 10.5221 -0.178913
16.832 10.5233 -0.178899
16.8313 10.5244 -0.178885
16.8305 10.5256 -0.178871
16.8297 10.5267 -0.178857
16.829 10.5279 -0.178843
16.8282 10.529 -0.178828
16.8274 10.5302 -0.178814
16.8267 10.5313 -0.1788
16.8259 10.5325 -0.178786
16.8251 10.5336 -0.178772
16.8243 10.5348 -0.178757
16.8236 10.5359 -0.178743
16.8228 10.5371 -0.178729
16.822 10.5382 -0.178715
16.8213 10.5394 -0.178701
16.8205 10.5405 -0.178686
16.8197 10.5416 -0.178672
16.819 10.5428 -0.178658
16.8182 10.5439 -0.178644
16.8174 10.5451 -0.17863
16.8166 10.5462 -0.178615
16.8159 10.5474 -0.178601
16.8151 10.5485 -0.178587
16.8143 10.5497 -0.178573
16.8136 10.5508 -0.178559
16.8128 10.552 -0.178544
16.812 10.5531 -0.17853
16.8112 10.5543 -0.178516
16.8105 10.5554 -0.178502
16.8097 10.5566 -0.178488
16.8089 10.5577 -0.178473
16.8082 10.5589 -0.178459
16.8074 10.56 -0.178445
16.8066 10.5612 -0.178431
16.8058 10.5623 -0.178417
16.8051 10.5635 -0.178402
16.8043 10.5646 -0.178388
16.8035 10.5658 -0.178374
16.8028 10.5669 -0.17836
16.802 10.568 -0.178345
16.8012 10.5692 -0.178331
16.8004 10.5703 -0.178317
16.7997 10.5715 -0.178303
16.7989 10.5726 -0.178289
16.7981 10.5738 -0.178274
16.7973 10.5749 -0.17826
16.7966 10.5761 -0.178246
16.7958 10.5772 -0.178232
16.795 10.5784 -0.178217
16.7943 10.5795 -0.178203
16.7935 10.5807 -0.178189
16.7927 10.5818 -0.178175
16.7919 10.583 -0.178161
16.7912 10.5841 -0.178146
16.7904 10.5852 -0.178132
16.7896 10.5864 -0.178118
16.7888 10.5875 -0.178104
16.7881 10.5887 -0.178089
16.7873 10.5898 -0.178075
16.7865 10.591 -0.178061
16.7857 10.5921 -0.178047
16.785 10.5933 -0.178032
16.7842 10.5944 -0.178018
16.7834 10.5956 -0.178004
16.7826 10.5967 -0.17799
16.7819 10.5979 -0.177976
16.7811 10.599 -0.177961
16.7803 10.6001 -0.177947
16.7795 10.6013 -0.177933
16.7788 10.6024 -0.177919
16.778 10.6036 -0.177904
16.7772 10.6047 -0.17789
16.7764 10.6059 -0.177876
16.7757 10.607 -0.177862
16.7749 10.6082 -0.177847
16.7741 10.6093 -0.177833
16.7733 10.6105 -0.177819
16.7726 10.6116 -0.177805
16.7718 10.6127 -0.17779
16.771 10.6139 -0.177776
16.7702 10.615 -0.177762
16.7695 10.6162 -0.177748
16.7687 10.6173 -0.177733
16.7679 10.6185 -0.177719
16.7671 10.6196 -0.177705
16.7664 10.6208 -0.177691
16.7656 10.6219 -0.177676
16.7648 10.623 -0.177662
16.764 10.6242 -0.177648
16.7632 10.6253 -0.177633
16.7625 10.6265 -0.177619
16.7617 10.6276 -0.177605
16.7609 10.6288 -0.177591
16.7601 10.6299 -0.177576
16.7594 10.6311 -0.177562
16.7586 10.6322 -0.177548
16.7578 10.6333 -0.177534
16.757 10.6345 -0.177519
16.7563 10.6356 -0.177505
16.7555 10.6368 -0.177491
16.7547 10.6379 -0.177477
16.7539 10.6391 -0.177462
16.7531 10.6402 -0.177448
16.7524 10.6413 -0.177434
16.7516 10.6425 -0.177419
16.7508 10.6436 -0.177405
16.75 10.6448 -0.177391
16.7493 10.6459 -0.177377
16.7485 10.6471 -0.177362
16.7477 10.6482 -0.177348
16.7469 10.6494 -0.177334
16.7461 10.6505 -0.17732
16.7454 10.6516 -0.177305
16.7446 10.6528 -0.177291
16.7438 10.6539 -0.177277
16.743 10.6551 -0.177262
16.7422 10.6562 -0.177248
16.7415 10.6574 -0.177234
16.7407 10.6585 -0.17722
16.7399 10.6596 -0.177205
16.7391 10.6608 -0.177191
16.7383 10.6619 -0.177177
16.7376 10.6631 -0.177162
16.7368 10.6642 -0.177148
16.736 10.6654 -0.177134
16.7352 10.6665 -0.177119
16.7345 10.6676 -0.177105
16.7337 10.6688 -0.177091
16.7329 10.6699 -0.177077
16.7321 10.6711 -0.177062
16.7313 10.6722 -0.177048
16.7306 10.6733 -0.177034
16.7298 10.6745 -0.177019
16.729 10.6756 -0.177005
16.7282 10.6768 -0.176991
16.7274 10.6779 -0.176976
16.7266 10.6791 -0.176962
16.7259 10.6802 -0.176948
16.7251 10.6813 -0.176934
16.7243 10.6825 -0.176919
16.7235 10.6836 -0.176905
16.7227 10.6848 -0.176891
16.722 10.6859 -0.176876
16.7212 10.6871 -0.176862
16.7204 10.6882 -0.176848
16.7196 10.6893 -0.176833
16.7188 10.6905 -0.176819
16.7181 10.6916 -0.176805
16.7173 10.6928 -0.17679
16.7165 10.6939 -0.176776
16.7157 10.695 -0.176762
16.7149 10.6962 -0.176748
16.7141 10.6973 -0.176733
16.7134 10.6985 -0.176719
16.7126 10.6996 -0.176705
16.7118 10.7007 -0.17669
16.711 10.7019 -0.176676
16.7102 10.703 -0.176662
16.7095 10.7042 -0.176647
16.7087 10.7053 -0.176633
16.7079 10.7064 -0.176619
16.7071 10.7076 -0.176604
16.7063 10.7087 -0.17659
16.7055 10.7099 -0.176576
16.7048 10.711 -0.176561
16.704 10.7122 -0.176547
16.7032 10.7133 -0.176533
16.7024 10.7144 -0.176518
16.7016 10.7156 -0.176504
16.7008 10.7167 -0.17649
16.7001 10.7179 -0.176475
16.6993 10.719 -0.176461
16.6985 10.7201 -0.176447
16.6977 10.7213 -0.176432
16.6969 10.7224 -0.176418
16.6961 10.7236 -0.176404
16.6954 10.7247 -0.176389
16.6946 10.7258 -0.176375
16.6938 10.727 -0.176361
16.693 10.7281 -0.176346
16.6922 10.7293 -0.176332
16.6914 10.7304 -0.176318
16.6906 10.7315 -0.176303
16.6899 10.7327 -0.176289
16.6891 10.7338 -0.176275
16.6883 10.7349 -0.17626
16.6875 10.7361 -0.176246
16.6867 10.7372 -0.176232
16.6859 10.7384 -0.176217
16.6852 10.7395 -0.176203
16.6844 10.7406 -0.176188
16.6836 10.7418 -0.176174
16.6828 10.7429 -0.17616
16.682 10.7441 -0.176145
16.6812 10.7452 -0.176131
16.6804 10.7463 -0.176117
16.6797 10.7475 -0.176102
16.6789 10.7486 -0.176088
16.6781 10.7498 -0.176074
16.6773 10.7509 -0.176059
16.6765 10.752 -0.176045
16.6757 10.7532 -0.176031
16.6749 10.7543 -0.176016
16.6742 10.7554 -0.176002
16.6734 10.7566 -0.175987
16.6726 10.7577 -0.175973
16.6718 10.7589 -0.175959
16.671 10.76 -0.175944
16.6702 10.7611 -0.17593
16.6694 10.7623 -0.175916
16.6686 10.7634 -0.175901
16.6679 10.7645 -0.175887
16.6671 10.7657 -0.175873
16.6663 10.7668 -0.175858
16.6655 10.768 -0.175844
16.6647 10.7691 -0.175829
16.6639 10.7702 -0.175815
16.6631 10.7714 -0.175801
16.6623 10.7725 -0.175786
16.6616 10.7737 -0.175772
16.6608 10.7748 -0.175758
16.66 10.7759 -0.175743
16.6592 10.7771 -0.175729
16.6584 10.7782 -0.175714
16.6576 10.7793 -0.1757
16.6568 10.7805 -0.175686
16.656 10.7816 -0.175671
16.6553 10.7827 -0.175657
16.6545 10.7839 -0.175642
16.6537 10.785 -0.175628
16.6529 10.7862 -0.175614
16.6521 10.7873 -0.175599
16.6513 10.7884 -0.175585
16.6505 10.7896 -0.175571
16.6497 10.7907 -0.175556
16.6489 10.7918 -0.175542
16.6482 10.793 -0.175527
16.6474 10.7941 -0.175513
16.6466 10.7953 -0.175499
16.6458 10.7964 -0.175484
16.645 10.7975 -0.17547
16.6442 10.7987 -0.175455
16.6434 10.7998 -0.175441
16.6426 10.8009 -0.175427
16.6418 10.8021 -0.175412
16.6411 10.8032 -0.175398
16.6403 10.8043 -0.175383
16.6395 10.8055 -0.175369
16.6387 10.8066 -0.175355
16.6379 10.8077 -0.17534
16.6371 10.8089 -0.175326
16.6363 10.81 -0.175311
16.6355 10.8112 -0.175297
16.6347 10.8123 -0.175283
16.6339 10.8134 -0.175268
16.6331 10.8146 -0.175254
16.6324 10.8157 -0.175239
16.6316 10.8168 -0.175225
16.6308 10.818 -0.175211
16.63 10.8191 -0.175196
16.6292 10.8202 -0.175182
16.6284 10.8214 -0.175167
16.6276 10.8225 -0.175153
16.6268 10.8236 -0.175138
16.626 10.8248 -0.175124
16.6252 10.8259 -0.17511
16.6244 10.827 -0.175095
16.6237 10.8282 -0.175081
16.6229 10.8293 -0.175066
16.6221 10.8305 -0.175052
16.6213 10.8316 -0.175038
16.6205 10.8327 -0.175023
16.6197 10.8339 -0.175009
16.6189 10.835 -0.174994
16.6181 10.8361 -0.17498
16.6173 10.8373 -0.174965
16.6165 10.8384 -0.174951
16.6157 10.8395 -0.174937
16.6149 10.8407 -0.174922
16.6141 10.8418 -0.174908
16.6134 10.8429 -0.174893
16.6126 10.8441 -0.174879
16.6118 10.8452 -0.174864
16.611 10.8463 -0.17485
16.6102 10.8475 -0.174836
16.6094 10.8486 -0.174821
16.6086 10.8497 -0.174807
16.6078 10.8509 -0.174792
16.607 10.852 -0.174778
16.6062 10.8531 -0.174763
16.6054 10.8543 -0.174749
16.6046 10.8554 -0.174734
16.6038 10.8565 -0.17472
16.603 10.8577 -0.174706
16.6022 10.8588 -0.174691
16.6015 10.8599 -0.174677
16.6007 10.8611 -0.174662
16.5999 10.8622 -0.174648
16.5991 10.8633 -0.174633
16.5983 10.8645 -0.174619
16.5975 10.8656 -0.174604
16.5967 10.8667 -0.17459
16.5959 10.8679 -0.174576
16.5951 10.869 -0.174561
16.5943 10.8701 -0.174547
16.5935 10.8713 -0.174532
16.5927 10.8724 -0.174518
16.5919 10.8735 -0.174503
16.5911 10.8747 -0.174489
16.5903 10.8758 -0.174474
16.5895 10.8769 -0.17446
16.5887 10.8781 -0.174445
16.5879 10.8792 -0.174431
16.5871 10.8803 -0.174417
16.5864 10.8815 -0.174402
16.5856 10.8826 -0.174388
16.5848 10.8837 -0.174373
16.584 10.8849 -0.174359
16.5832 10.886 -0.174344
16.5824 10.8871 -0.17433
16.5816 10.8883 -0.174315
16.5808 10.8894 -0.174301
16.58 10.8905 -0.174286
16.5792 10.8916 -0.174272
16.5784 10.8928 -0.174257
16.5776 10.8939 -0.174243
16.5768 10.895 -0.174228
16.576 10.8962 -0.174214
16.5752 10.8973 -0.1742
16.5744 10.8984 -0.174185
16.5736 10.8996 -0.174171
16.5728 10.9007 -0.174156
16.572 10.9018 -0.174142
16.5712 10.903 -0.174127
16.5704 10.9041 -0.174113
16.5696 10.9052 -0.174098
16.5688 10.9064 -0.174084
16.568 10.9075 -0.174069
16.5672 10.9086 -0.174055
16.5664 10.9097 -0.17404
16.5656 10.9109 -0.174026
16.5648 10.912 -0.174011
16.564 10.9131 -0.173997
16.5632 10.9143 -0.173982
16.5624 10.9154 -0.173968
16.5616 10.9165 -0.173953
16.5608 10.9177 -0.173939
16.5601 10.9188 -0.173924
16.5593 10.9199 -0.17391
16.5585 10.9211 -0.173895
16.5577 10.9222 -0.173881
16.5569 10.9233 -0.173866
16.5561 10.9244 -0.173852
16.5553 10.9256 -0.173837
16.5545 10.9267 -0.173823
16.5537 10.9278 -0.173808
16.5529 10.929 -0.173794
16.5521 10.9301 -0.173779
16.5513 10.9312 -0.173765
16.5505 10.9324 -0.17375
16.5497 10.9335 -0.173736
16.5489 10.9346 -0.173721
16.5481 10.9357 -0.173707
16.5473 10.9369 -0.173692
16.5465 10.938 -0.173678
16.5457 10.9391 -0.173663
16.5449 10.9403 -0.173649
16.5441 10.9414 -0.173634
16.5433 10.9425 -0.17362
16.5425 10.9436 -0.173605
16.5417 10.9448 -0.173591
16.5409 10.9459 -0.173576
16.5401 10.947 -0.173562
16.5393 10.9482 -0.173547
16.5385 10.9493 -0.173533
16.5377 10.9504 -0.173518
16.5369 10.9515 -0.173504
16.5361 10.9527 -0.173489
16.5353 10.9538 -0.173475
16.5345 10.9549 -0.17346
16.5337 10.9561 -0.173446
16.5329 10.9572 -0.173431
16.5321 10.9583 -0.173417
16.5313 10.9594 -0.173402
16.5305 10.9606 -0.173388
16.5297 10.9617 -0.173373
16.5289 10.9628 -0.173359
16.528 10.964 -0.173344
16.5272 10.9651 -0.17333
16.5264 10.9662 -0.173315
16.5256 10.9673 -0.1733
16.5248 10.9685 -0.173286
16.524 10.9696 -0.173271
16.5232 10.9707 -0.173257
16.5224 10.9719 -0.173242
16.5216 10.973 -0.173228
16.5208 10.9741 -0.173213
16.52 10.9752 -0.173199
16.5192 10.9764 -0.173184
16.5184 10.9775 -0.17317
16.5176 10.9786 -0.173155
16.5168 10.9798 -0.173141
16.516 10.9809 -0.173126
16.5152 10.982 -0.173112
16.5144 10.9831 -0.173097
16.5136 10.9843 -0.173082
16.5128 10.9854 -0.173068
16.512 10.9865 -0.173053
16.5112 10.9876 -0.173039
16.5104 10.9888 -0.173024
16.5096 10.9899 -0.17301
16.5088 10.991 -0.172995
16.508 10.9922 -0.172981
16.5072 10.9933 -0.172966
16.5064 10.9944 -0.172952
16.5056 10.9955 -0.172937
16.5048 10.9967 -0.172922
16.504 10.9978 -0.172908
16.5032 10.9989 -0.172893
16.5024 11 -0.172879
16.5015 11.0012 -0.172864
16.5007 11.0023 -0.17285
16.4999 11.0034 -0.172835
16.4991 11.0045 -0.172821
16.4983 11.0057 -0.172806
16.4975 11.0068 -0.172791
16.4967 11.0079 -0.172777
16.4959 11.009 -0.172762
16.4951 11.0102 -0.172748
16.4943 11.0113 -0.172733
16.4935 11.0124 -0.172719
16.4927 11.0136 -0.172704
16.4919 11.0147 -0.17269
16.4911 11.0158 -0.172675
16.4903 11.0169 -0.17266
16.4895 11.0181 -0.172646
16.4887 11.0192 -0.172631
16.4879 11.0203 -0.172617
16.4871 11.0214 -0.172602
16.4862 11.0226 -0.172588
16.4854 11.0237 -0.172573
16.4846 11.0248 -0.172558
16.4838 11.0259 -0.172544
16.483 11.0271 -0.172529
16.4822 11.0282 -0.172515
16.4814 11.0293 -0.1725
16.4806 11.0304 -0.172486
16.4798 11.0316 -0.172471
16.479 11.0327 -0.172456
16.4782 11.0338 -0.172442
16.4774 11.0349 -0.172427
16.4766 11.0361 -0.172413
16.4758 11.0372 -0.172398
16.475 11.0383 -0.172383
16.4741 11.0394 -0.172369
16.4733 11.0406 -0.172354
16.4725 11.0417 -0.17234
16.4717 11.0428 -0.172325
16.4709 11.0439 -0.172311
16.4701 11.0451 -0.172296
16.4693 11.0462 -0.172281
16.4685 11.0473 -0.172267
16.4677 11.0484 -0.172252
16.4669 11.0495 -0.172238
16.4661 11.0507 -0.172223
16.4653 11.0518 -0.172208
16.4645 11.0529 -0.172194
16.4636 11.054 -0.172179
16.4628 11.0552 -0.172165
16.462 11.0563 -0.17215
16.4612 11.0574 -0.172135
16.4604 11.0585 -0.172121
16.4596 11.0597 -0.172106
16.4588 11.0608 -0.172092
16.458 11.0619 -0.172077
16.4572 11.063 -0.172062
16.4564 11.0642 -0.172048
16.4556 11.0653 -0.172033
16.4547 11.0664 -0.172019
16.4539 11.0675 -0.172004
16.4531 11.0686 -0.171989
16.4523 11.0698 -0.171975
16.4515 11.0709 -0.17196
16.4507 11.072 -0.171946
16.4499 11.0731 -0.171931
16.4491 11.0743 -0.171916
16.4483 11.0754 -0.171902
16.4475 11.0765 -0.171887
16.4467 11.0776 -0.171873
16.4458 11.0788 -0.171858
16.445 11.0799 -0.171843
16.4442 11.081 -0.171829
16.4434 11.0821 -0.171814
16.4426 11.0832 -0.171799
16.4418 11.0844 -0.171785
16.441 11.0855 -0.17177
16.4402 11.0866 -0.171756
16.4394 11.0877 -0.171741
16.4385 11.0889 -0.171726
16.4377 11.09 -0.171712
16.4369 11.0911 -0.171697
16.4361 11.0922 -0.171683
16.4353 11.0933 -0.171668
16.4345 11.0945 -0.171653
16.4337 11.0956 -0.171639
16.4329 11.0967 -0.171624
16.4321 11.0978 -0.171609
16.4312 11.0989 -0.171595
16.4304 11.1001 -0.17158
16.4296 11.1012 -0.171566
16.4288 11.1023 -0.171551
16.428 11.1034 -0.171536
16.4272 11.1046 -0.171522
16.4264 11.1057 -0.171507
16.4256 11.1068 -0.171492
16.4247 11.1079 -0.171478
16.4239 11.109 -0.171463
16.4231 11.1102 -0.171448
16.4223 11.1113 -0.171434
16.4215 11.1124 -0.171419
16.4207 11.1135 -0.171405
16.4199 11.1146 -0.17139
16.4191 11.1158 -0.171375
16.4182 11.1169 -0.171361
16.4174 11.118 -0.171346
16.4166 11.1191 -0.171331
16.4158 11.1202 -0.171317
16.415 11.1214 -0.171302
16.4142 11.1225 -0.171287
16.4134 11.1236 -0.171273
16.4126 11.1247 -0.171258
16.4117 11.1258 -0.171243
16.4109 11.127 -0.171229
16.4101 11.1281 -0.171214
16.4093 11.1292 -0.171199
16.4085 11.1303 -0.171185
16.4077 11.1314 -0.17117
16.4069 11.1326 -0.171156
16.406 11.1337 -0.171141
16.4052 11.1348 -0.171126
16.4044 11.1359 -0.171112
16.4036 11.137 -0.171097
16.4028 11.1382 -0.171082
16.402 11.1393 -0.171068
16.4012 11.1404 -0.171053
16.4003 11.1415 -0.171038
16.3995 11.1426 -0.171024
16.3987 11.1438 -0.171009
16.3979 11.1449 -0.170994
16.3971 11.146 -0.17098
16.3963 11.1471 -0.170965
16.3955 11.1482 -0.17095
16.3946 11.1494 -0.170936
16.3938 11.1505 -0.170921
16.393 11.1516 -0.170906
16.3922 11.1527 -0.170892
16.3914 11.1538 -0.170877
16.3906 11.155 -0.170862
16.3897 11.1561 -0.170848
16.3889 11.1572 -0.170833
16.3881 11.1583 -0.170818
16.3873 11.1594 -0.170804
16.3865 11.1605 -0.170789
