28.9268 -7.70539 -0.508043
28.9271 -7.70428 -0.508073
28.9274 -7.70317 -0.508103
28.9277 -7.70205 -0.508132
28.928 -7.70094 -0.508162
28.9283 -7.69983 -0.508192
28.9285 -7.69872 -0.508222
28.9288 -7.6976 -0.508251
28.9291 -7.69649 -0.508281
28.9294 -7.69538 -0.508311
28.9297 -7.69426 -0.508341
28.93 -7.69315 -0.508371
28.9303 -7.69204 -0.5084
28.9306 -7.69092 -0.50843
28.9309 -7.68981 -0.50846
28.9312 -7.6887 -0.50849
28.9314 -7.68758 -0.508519
28.9317 -7.68647 -0.508549
28.932 -7.68536 -0.508579
28.9323 -7.68424 -0.508609
28.9326 -7.68313 -0.508638
28.9329 -7.68202 -0.508668
28.9332 -7.6809 -0.508698
28.9335 -7.67979 -0.508728
28.9338 -7.67868 -0.508757
28.934 -7.67756 -0.508787
28.9343 -7.67645 -0.508817
28.9346 -7.67534 -0.508847
28.9349 -7.67422 -0.508876
28.9352 -7.67311 -0.508906
28.9355 -7.672 -0.508936
28.9358 -7.67088 -0.508966
28.9361 -7.66977 -0.508995
28.9364 -7.66866 -0.509025
28.9366 -7.66754 -0.509055
28.9369 -7.66643 -0.509085
28.9372 -7.66532 -0.509114
28.9375 -7.6642 -0.509144
28.9378 -7.66309 -0.509174
28.9381 -7.66197 -0.509204
28.9384 -7.66086 -0.509233
28.9387 -7.65975 -0.509263
28.939 -7.65863 -0.509293
28.9392 -7.65752 -0.509323
28.9395 -7.65641 -0.509352
28.9398 -7.65529 -0.509382
28.9401 -7.65418 -0.509412
28.9404 -7.65307 -0.509441
28.9407 -7.65195 -0.509471
28.941 -7.65084 -0.509501
28.9413 -7.64973 -0.509531
28.9415 -7.64861 -0.50956
28.9418 -7.6475 -0.50959
28.9421 -7.64638 -0.50962
28.9424 -7.64527 -0.50965
28.9427 -7.64416 -0.509679
28.943 -7.64304 -0.509709
28.9433 -7.64193 -0.509739
28.9436 -7.64082 -0.509769
28.9438 -7.6397 -0.509798
28.9441 -7.63859 -0.509828
28.9444 -7.63747 -0.509858
28.9447 -7.63636 -0.509887
28.945 -7.63525 -0.509917
28.9453 -7.63413 -0.509947
28.9456 -7.63302 -0.509977
28.9459 -7.63191 -0.510006
28.9461 -7.63079 -0.510036
28.9464 -7.62968 -0.510066
28.9467 -7.62856 -0.510095
28.947 -7.62745 -0.510125
28.9473 -7.62634 -0.510155
28.9476 -7.62522 -0.510185
28.9479 -7.62411 -0.510214
28.9481 -7.62299 -0.510244
28.9484 -7.62188 -0.510274
28.9487 -7.62077 -0.510303
28.949 -7.61965 -0.510333
28.9493 -7.61854 -0.510363
28.9496 -7.61743 -0.510393
28.9499 -7.61631 -0.510422
28.9502 -7.6152 -0.510452
28.9504 -7.61408 -0.510482
28.9507 -7.61297 -0.510511
28.951 -7.61186 -0.510541
28.9513 -7.61074 -0.510571
28.9516 -7.60963 -0.510601
28.9519 -7.60851 -0.51063
28.9522 -7.6074 -0.51066
28.9524 -7.60628 -0.51069
28.9527 -7.60517 -0.510719
28.953 -7.60406 -0.510749
28.9533 -7.60294 -0.510779
28.9536 -7.60183 -0.510808
28.9539 -7.60071 -0.510838
28.9542 -7.5996 -0.510868
28.9544 -7.59849 -0.510898
28.9547 -7.59737 -0.510927
28.955 -7.59626 -0.510957
28.9553 -7.59514 -0.510987
28.9556 -7.59403 -0.511016
28.9559 -7.59291 -0.511046
28.9562 -7.5918 -0.511076
28.9564 -7.59069 -0.511105
28.9567 -7.58957 -0.511135
28.957 -7.58846 -0.511165
28.9573 -7.58734 -0.511195
28.9576 -7.58623 -0.511224
28.9579 -7.58512 -0.511254
28.9582 -7.584 -0.511284
28.9584 -7.58289 -0.511313
28.9587 -7.58177 -0.511343
28.959 -7.58066 -0.511373
28.9593 -7.57954 -0.511402
28.9596 -7.57843 -0.511432
28.9599 -7.57731 -0.511462
28.9602 -7.5762 -0.511491
28.9604 -7.57509 -0.511521
28.9607 -7.57397 -0.511551
28.961 -7.57286 -0.51158
28.9613 -7.57174 -0.51161
28.9616 -7.57063 -0.51164
28.9619 -7.56951 -0.511669
28.9622 -7.5684 -0.511699
28.9624 -7.56729 -0.511729
28.9627 -7.56617 -0.511759
28.963 -7.56506 -0.511788
28.9633 -7.56394 -0.511818
28.9636 -7.56283 -0.511848
28.9639 -7.56171 -0.511877
28.9641 -7.5606 -0.511907
28.9644 -7.55948 -0.511937
28.9647 -7.55837 -0.511966
28.965 -7.55725 -0.511996
28.9653 -7.55614 -0.512026
28.9656 -7.55503 -0.512055
28.9658 -7.55391 -0.512085
28.9661 -7.5528 -0.512115
28.9664 -7.55168 -0.512144
28.9667 -7.55057 -0.512174
28.967 -7.54945 -0.512204
28.9673 -7.54834 -0.512233
28.9676 -7.54722 -0.512263
28.9678 -7.54611 -0.512293
28.9681 -7.54499 -0.512322
28.9684 -7.54388 -0.512352
28.9687 -7.54276 -0.512382
28.969 -7.54165 -0.512411
28.9693 -7.54053 -0.512441
28.9695 -7.53942 -0.512471
28.9698 -7.5383 -0.5125
28.9701 -7.53719 -0.51253
28.9704 -7.53608 -0.51256
28.9707 -7.53496 -0.512589
28.971 -7.53385 -0.512619
28.9712 -7.53273 -0.512648
28.9715 -7.53162 -0.512678
28.9718 -7.5305 -0.512708
28.9721 -7.52939 -0.512737
28.9724 -7.52827 -0.512767
28.9727 -7.52716 -0.512797
28.9729 -7.52604 -0.512826
28.9732 -7.52493 -0.512856
28.9735 -7.52381 -0.512886
28.9738 -7.5227 -0.512915
28.9741 -7.52158 -0.512945
28.9744 -7.52047 -0.512975
28.9746 -7.51935 -0.513004
28.9749 -7.51824 -0.513034
28.9752 -7.51712 -0.513064
28.9755 -7.51601 -0.513093
28.9758 -7.51489 -0.513123
28.9761 -7.51378 -0.513152
28.9763 -7.51266 -0.513182
28.9766 -7.51155 -0.513212
28.9769 -7.51043 -0.513241
28.9772 -7.50932 -0.513271
28.9775 -7.5082 -0.513301
28.9777 -7.50709 -0.51333
28.978 -7.50597 -0.51336
28.9783 -7.50486 -0.51339
28.9786 -7.50374 -0.513419
28.9789 -7.50263 -0.513449
28.9792 -7.50151 -0.513478
28.9794 -7.5004 -0.513508
28.9797 -7.49928 -0.513538
28.98 -7.49817 -0.513567
28.9803 -7.49705 -0.513597
28.9806 -7.49594 -0.513627
28.9808 -7.49482 -0.513656
28.9811 -7.49371 -0.513686
28.9814 -7.49259 -0.513716
28.9817 -7.49148 -0.513745
28.982 -7.49036 -0.513775
28.9823 -7.48924 -0.513804
28.9825 -7.48813 -0.513834
28.9828 -7.48701 -0.513864
28.9831 -7.4859 -0.513893
28.9834 -7.48478 -0.513923
28.9837 -7.48367 -0.513952
28.9839 -7.48255 -0.513982
28.9842 -7.48144 -0.514012
28.9845 -7.48032 -0.514041
28.9848 -7.47921 -0.514071
28.9851 -7.47809 -0.514101
28.9854 -7.47698 -0.51413
28.9856 -7.47586 -0.51416
28.9859 -7.47475 -0.514189
28.9862 -7.47363 -0.514219
28.9865 -7.47251 -0.514249
28.9868 -7.4714 -0.514278
28.987 -7.47028 -0.514308
28.9873 -7.46917 -0.514337
28.9876 -7.46805 -0.514367
28.9879 -7.46694 -0.514397
28.9882 -7.46582 -0.514426
28.9884 -7.46471 -0.514456
28.9887 -7.46359 -0.514486
28.989 -7.46248 -0.514515
28.9893 -7.46136 -0.514545
28.9896 -7.46024 -0.514574
28.9898 -7.45913 -0.514604
28.9901 -7.45801 -0.514634
28.9904 -7.4569 -0.514663
28.9907 -7.45578 -0.514693
28.991 -7.45467 -0.514722
28.9912 -7.45355 -0.514752
28.9915 -7.45244 -0.514782
28.9918 -7.45132 -0.514811
28.9921 -7.4502 -0.514841
28.9924 -7.44909 -0.51487
28.9926 -7.44797 -0.5149
28.9929 -7.44686 -0.51493
28.9932 -7.44574 -0.514959
28.9935 -7.44463 -0.514989
28.9938 -7.44351 -0.515018
28.994 -7.44239 -0.515048
28.9943 -7.44128 -0.515078
28.9946 -7.44016 -0.515107
28.9949 -7.43905 -0.515137
28.9952 -7.43793 -0.515166
28.9954 -7.43682 -0.515196
28.9957 -7.4357 -0.515225
28.996 -7.43458 -0.515255
28.9963 -7.43347 -0.515285
28.9966 -7.43235 -0.515314
28.9968 -7.43124 -0.515344
28.9971 -7.43012 -0.515373
28.9974 -7.42901 -0.515403
28.9977 -7.42789 -0.515433
28.998 -7.42677 -0.515462
28.9982 -7.42566 -0.515492
28.9985 -7.42454 -0.515521
28.9988 -7.42343 -0.515551
28.9991 -7.42231 -0.51558
28.9994 -7.42119 -0.51561
28.9996 -7.42008 -0.51564
28.9999 -7.41896 -0.515669
29.0002 -7.41785 -0.515699
29.0005 -7.41673 -0.515728
29.0008 -7.41561 -0.515758
29.001 -7.4145 -0.515788
29.0013 -7.41338 -0.515817
29.0016 -7.41227 -0.515847
29.0019 -7.41115 -0.515876
29.0021 -7.41003 -0.515906
29.0024 -7.40892 -0.515935
29.0027 -7.4078 -0.515965
29.003 -7.40669 -0.515994
29.0033 -7.40557 -0.516024
29.0035 -7.40445 -0.516054
29.0038 -7.40334 -0.516083
29.0041 -7.40222 -0.516113
29.0044 -7.40111 -0.516142
29.0047 -7.39999 -0.516172
29.0049 -7.39887 -0.516201
29.0052 -7.39776 -0.516231
29.0055 -7.39664 -0.516261
29.0058 -7.39552 -0.51629
29.006 -7.39441 -0.51632
29.0063 -7.39329 -0.516349
29.0066 -7.39218 -0.516379
29.0069 -7.39106 -0.516408
29.0072 -7.38994 -0.516438
29.0074 -7.38883 -0.516467
29.0077 -7.38771 -0.516497
29.008 -7.3866 -0.516527
29.0083 -7.38548 -0.516556
29.0085 -7.38436 -0.516586
29.0088 -7.38325 -0.516615
29.0091 -7.38213 -0.516645
29.0094 -7.38101 -0.516674
29.0097 -7.3799 -0.516704
29.0099 -7.37878 -0.516733
29.0102 -7.37766 -0.516763
29.0105 -7.37655 -0.516793
29.0108 -7.37543 -0.516822
29.011 -7.37432 -0.516852
29.0113 -7.3732 -0.516881
29.0116 -7.37208 -0.516911
29.0119 -7.37097 -0.51694
29.0122 -7.36985 -0.51697
29.0124 -7.36873 -0.516999
29.0127 -7.36762 -0.517029
29.013 -7.3665 -0.517058
29.0133 -7.36538 -0.517088
29.0135 -7.36427 -0.517118
29.0138 -7.36315 -0.517147
29.0141 -7.36203 -0.517177
29.0144 -7.36092 -0.517206
29.0146 -7.3598 -0.517236
29.0149 -7.35869 -0.517265
29.0152 -7.35757 -0.517295
29.0155 -7.35645 -0.517324
29.0158 -7.35534 -0.517354
29.016 -7.35422 -0.517383
29.0163 -7.3531 -0.517413
29.0166 -7.35199 -0.517442
29.0169 -7.35087 -0.517472
29.0171 -7.34975 -0.517501
29.0174 -7.34864 -0.517531
29.0177 -7.34752 -0.517561
29.018 -7.3464 -0.51759
29.0182 -7.34529 -0.51762
29.0185 -7.34417 -0.517649
29.0188 -7.34305 -0.517679
29.0191 -7.34194 -0.517708
29.0193 -7.34082 -0.517738
29.0196 -7.3397 -0.517767
29.0199 -7.33859 -0.517797
29.0202 -7.33747 -0.517826
29.0204 -7.33635 -0.517856
29.0207 -7.33524 -0.517885
29.021 -7.33412 -0.517915
29.0213 -7.333 -0.517944
29.0215 -7.33189 -0.517974
29.0218 -7.33077 -0.518003
29.0221 -7.32965 -0.518033
29.0224 -7.32854 -0.518062
29.0227 -7.32742 -0.518092
29.0229 -7.3263 -0.518121
29.0232 -7.32518 -0.518151
29.0235 -7.32407 -0.51818
29.0238 -7.32295 -0.51821
29.024 -7.32183 -0.518239
29.0243 -7.32072 -0.518269
29.0246 -7.3196 -0.518298
29.0249 -7.31848 -0.518328
29.0251 -7.31737 -0.518357
29.0254 -7.31625 -0.518387
29.0257 -7.31513 -0.518417
29.026 -7.31402 -0.518446
29.0262 -7.3129 -0.518476
29.0265 -7.31178 -0.518505
29.0268 -7.31066 -0.518535
29.0271 -7.30955 -0.518564
29.0273 -7.30843 -0.518594
29.0276 -7.30731 -0.518623
29.0279 -7.3062 -0.518653
29.0282 -7.30508 -0.518682
29.0284 -7.30396 -0.518712
29.0287 -7.30285 -0.518741
29.029 -7.30173 -0.518771
29.0292 -7.30061 -0.5188
29.0295 -7.29949 -0.51883
29.0298 -7.29838 -0.518859
29.0301 -7.29726 -0.518889
29.0303 -7.29614 -0.518918
29.0306 -7.29503 -0.518947
29.0309 -7.29391 -0.518977
29.0312 -7.29279 -0.519006
29.0314 -7.29167 -0.519036
29.0317 -7.29056 -0.519065
29.032 -7.28944 -0.519095
29.0323 -7.28832 -0.519124
29.0325 -7.28721 -0.519154
29.0328 -7.28609 -0.519183
29.0331 -7.28497 -0.519213
29.0334 -7.28385 -0.519242
29.0336 -7.28274 -0.519272
29.0339 -7.28162 -0.519301
29.0342 -7.2805 -0.519331
29.0345 -7.27938 -0.51936
29.0347 -7.27827 -0.51939
29.035 -7.27715 -0.519419
29.0353 -7.27603 -0.519449
29.0356 -7.27492 -0.519478
29.0358 -7.2738 -0.519508
29.0361 -7.27268 -0.519537
29.0364 -7.27156 -0.519567
29.0366 -7.27045 -0.519596
29.0369 -7.26933 -0.519626
29.0372 -7.26821 -0.519655
29.0375 -7.26709 -0.519685
29.0377 -7.26598 -0.519714
29.038 -7.26486 -0.519743
29.0383 -7.26374 -0.519773
29.0386 -7.26262 -0.519802
29.0388 -7.26151 -0.519832
29.0391 -7.26039 -0.519861
29.0394 -7.25927 -0.519891
29.0396 -7.25815 -0.51992
29.0399 -7.25704 -0.51995
29.0402 -7.25592 -0.519979
29.0405 -7.2548 -0.520009
29.0407 -7.25368 -0.520038
29.041 -7.25257 -0.520068
29.0413 -7.25145 -0.520097
29.0416 -7.25033 -0.520127
29.0418 -7.24921 -0.520156
29.0421 -7.2481 -0.520185
29.0424 -7.24698 -0.520215
29.0426 -7.24586 -0.520244
29.0429 -7.24474 -0.520274
29.0432 -7.24363 -0.520303
29.0435 -7.24251 -0.520333
29.0437 -7.24139 -0.520362
29.044 -7.24027 -0.520392
29.0443 -7.23916 -0.520421
29.0446 -7.23804 -0.520451
29.0448 -7.23692 -0.52048
29.0451 -7.2358 -0.520509
29.0454 -7.23468 -0.520539
29.0456 -7.23357 -0.520568
29.0459 -7.23245 -0.520598
29.0462 -7.23133 -0.520627
29.0465 -7.23021 -0.520657
29.0467 -7.2291 -0.520686
29.047 -7.22798 -0.520716
29.0473 -7.22686 -0.520745
29.0475 -7.22574 -0.520775
29.0478 -7.22462 -0.520804
29.0481 -7.22351 -0.520833
29.0484 -7.22239 -0.520863
29.0486 -7.22127 -0.520892
29.0489 -7.22015 -0.520922
29.0492 -7.21904 -0.520951
29.0494 -7.21792 -0.520981
29.0497 -7.2168 -0.52101
29.05 -7.21568 -0.521039
29.0503 -7.21456 -0.521069
29.0505 -7.21345 -0.521098
29.0508 -7.21233 -0.521128
29.0511 -7.21121 -0.521157
29.0513 -7.21009 -0.521187
29.0516 -7.20897 -0.521216
29.0519 -7.20786 -0.521246
29.0522 -7.20674 -0.521275
29.0524 -7.20562 -0.521304
29.0527 -7.2045 -0.521334
29.053 -7.20338 -0.521363
29.0532 -7.20227 -0.521393
29.0535 -7.20115 -0.521422
29.0538 -7.20003 -0.521452
29.054 -7.19891 -0.521481
29.0543 -7.19779 -0.52151
29.0546 -7.19668 -0.52154
29.0549 -7.19556 -0.521569
29.0551 -7.19444 -0.521599
29.0554 -7.19332 -0.521628
29.0557 -7.1922 -0.521657
29.0559 -7.19109 -0.521687
29.0562 -7.18997 -0.521716
29.0565 -7.18885 -0.521746
29.0568 -7.18773 -0.521775
29.057 -7.18661 -0.521805
29.0573 -7.18549 -0.521834
29.0576 -7.18438 -0.521863
29.0578 -7.18326 -0.521893
29.0581 -7.18214 -0.521922
29.0584 -7.18102 -0.521952
29.0586 -7.1799 -0.521981
29.0589 -7.17878 -0.52201
29.0592 -7.17767 -0.52204
29.0595 -7.17655 -0.522069
29.0597 -7.17543 -0.522099
29.06 -7.17431 -0.522128
29.0603 -7.17319 -0.522158
29.0605 -7.17208 -0.522187
29.0608 -7.17096 -0.522216
29.0611 -7.16984 -0.522246
29.0613 -7.16872 -0.522275
29.0616 -7.1676 -0.522305
29.0619 -7.16648 -0.522334
29.0621 -7.16537 -0.522363
29.0624 -7.16425 -0.522393
29.0627 -7.16313 -0.522422
29.063 -7.16201 -0.522452
29.0632 -7.16089 -0.522481
29.0635 -7.15977 -0.52251
29.0638 -7.15865 -0.52254
29.064 -7.15754 -0.522569
29.0643 -7.15642 -0.522599
29.0646 -7.1553 -0.522628
29.0648 -7.15418 -0.522657
29.0651 -7.15306 -0.522687
29.0654 -7.15194 -0.522716
29.0656 -7.15083 -0.522746
29.0659 -7.14971 -0.522775
29.0662 -7.14859 -0.522804
29.0664 -7.14747 -0.522834
29.0667 -7.14635 -0.522863
29.067 -7.14523 -0.522893
29.0673 -7.14411 -0.522922
29.0675 -7.143 -0.522951
29.0678 -7.14188 -0.522981
29.0681 -7.14076 -0.52301
29.0683 -7.13964 -0.523039
29.0686 -7.13852 -0.523069
29.0689 -7.1374 -0.523098
29.0691 -7.13628 -0.523128
29.0694 -7.13517 -0.523157
29.0697 -7.13405 -0.523186
29.0699 -7.13293 -0.523216
29.0702 -7.13181 -0.523245
29.0705 -7.13069 -0.523274
29.0707 -7.12957 -0.523304
29.071 -7.12845 -0.523333
29.0713 -7.12733 -0.523363
29.0715 -7.12622 -0.523392
29.0718 -7.1251 -0.523421
29.0721 -7.12398 -0.523451
29.0723 -7.12286 -0.52348
29.0726 -7.12174 -0.52351
29.0729 -7.12062 -0.523539
29.0731 -7.1195 -0.523568
29.0734 -7.11838 -0.523598
29.0737 -7.11727 -0.523627
29.074 -7.11615 -0.523656
29.0742 -7.11503 -0.523686
29.0745 -7.11391 -0.523715
29.0748 -7.11279 -0.523744
29.075 -7.11167 -0.523774
29.0753 -7.11055 -0.523803
29.0756 -7.10943 -0.523833
29.0758 -7.10831 -0.523862
29.0761 -7.1072 -0.523891
29.0764 -7.10608 -0.523921
29.0766 -7.10496 -0.52395
29.0769 -7.10384 -0.523979
29.0772 -7.10272 -0.524009
29.0774 -7.1016 -0.524038
29.0777 -7.10048 -0.524067
29.078 -7.09936 -0.524097
29.0782 -7.09824 -0.524126
29.0785 -7.09712 -0.524156
29.0788 -7.09601 -0.524185
29.079 -7.09489 -0.524214
29.0793 -7.09377 -0.524244
29.0796 -7.09265 -0.524273
29.0798 -7.09153 -0.524302
29.0801 -7.09041 -0.524332
29.0804 -7.08929 -0.524361
29.0806 -7.08817 -0.52439
29.0809 -7.08705 -0.52442
29.0812 -7.08593 -0.524449
29.0814 -7.08481 -0.524478
29.0817 -7.0837 -0.524508
29.082 -7.08258 -0.524537
29.0822 -7.08146 -0.524566
29.0825 -7.08034 -0.524596
29.0828 -7.07922 -0.524625
29.083 -7.0781 -0.524654
29.0833 -7.07698 -0.524684
29.0836 -7.07586 -0.524713
29.0838 -7.07474 -0.524742
29.0841 -7.07362 -0.524772
29.0843 -7.0725 -0.524801
29.0846 -7.07138 -0.52483
29.0849 -7.07027 -0.52486
29.0851 -7.06915 -0.524889
29.0854 -7.06803 -0.524919
29.0857 -7.06691 -0.524948
29.0859 -7.06579 -0.524977
29.0862 -7.06467 -0.525007
29.0865 -7.06355 -0.525036
29.0867 -7.06243 -0.525065
29.087 -7.06131 -0.525095
29.0873 -7.06019 -0.525124
29.0875 -7.05907 -0.525153
29.0878 -7.05795 -0.525182
29.0881 -7.05683 -0.525212
29.0883 -7.05571 -0.525241
29.0886 -7.05459 -0.52527
29.0889 -7.05347 -0.5253
29.0891 -7.05236 -0.525329
29.0894 -7.05124 -0.525358
29.0897 -7.05012 -0.525388
29.0899 -7.049 -0.525417
29.0902 -7.04788 -0.525446
29.0904 -7.04676 -0.525476
29.0907 -7.04564 -0.525505
29.091 -7.04452 -0.525534
29.0912 -7.0434 -0.525564
29.0915 -7.04228 -0.525593
29.0918 -7.04116 -0.525622
29.092 -7.04004 -0.525652
29.0923 -7.03892 -0.525681
29.0926 -7.0378 -0.52571
29.0928 -7.03668 -0.52574
29.0931 -7.03556 -0.525769
29.0934 -7.03444 -0.525798
29.0936 -7.03332 -0.525828
29.0939 -7.0322 -0.525857
29.0941 -7.03108 -0.525886
29.0944 -7.02996 -0.525915
29.0947 -7.02885 -0.525945
29.0949 -7.02773 -0.525974
29.0952 -7.02661 -0.526003
29.0955 -7.02549 -0.526033
29.0957 -7.02437 -0.526062
29.096 -7.02325 -0.526091
29.0963 -7.02213 -0.526121
29.0965 -7.02101 -0.52615
29.0968 -7.01989 -0.526179
29.0971 -7.01877 -0.526209
29.0973 -7.01765 -0.526238
29.0976 -7.01653 -0.526267
29.0978 -7.01541 -0.526296
29.0981 -7.01429 -0.526326
29.0984 -7.01317 -0.526355
29.0986 -7.01205 -0.526384
29.0989 -7.01093 -0.526414
29.0992 -7.00981 -0.526443
29.0994 -7.00869 -0.526472
29.0997 -7.00757 -0.526502
29.1 -7.00645 -0.526531
29.1002 -7.00533 -0.52656
29.1005 -7.00421 -0.526589
29.1007 -7.00309 -0.526619
29.101 -7.00197 -0.526648
29.1013 -7.00085 -0.526677
29.1015 -6.99973 -0.526707
29.1018 -6.99861 -0.526736
29.1021 -6.99749 -0.526765
29.1023 -6.99637 -0.526794
29.1026 -6.99525 -0.526824
29.1028 -6.99413 -0.526853
29.1031 -6.99301 -0.526882
29.1034 -6.99189 -0.526912
29.1036 -6.99077 -0.526941
29.1039 -6.98965 -0.52697
29.1042 -6.98853 -0.526999
29.1044 -6.98741 -0.527029
29.1047 -6.98629 -0.527058
29.1049 -6.98517 -0.527087
29.1052 -6.98405 -0.527117
29.1055 -6.98293 -0.527146
29.1057 -6.98181 -0.527175
29.106 -6.98069 -0.527204
29.1063 -6.97957 -0.527234
29.1065 -6.97845 -0.527263
29.1068 -6.97733 -0.527292
29.107 -6.97621 -0.527321
29.1073 -6.97509 -0.527351
29.1076 -6.97397 -0.52738
29.1078 -6.97285 -0.527409
29.1081 -6.97173 -0.527439
29.1084 -6.97061 -0.527468
29.1086 -6.96949 -0.527497
29.1089 -6.96837 -0.527526
29.1091 -6.96725 -0.527556
29.1094 -6.96613 -0.527585
29.1097 -6.96501 -0.527614
29.1099 -6.96389 -0.527643
29.1102 -6.96277 -0.527673
29.1104 -6.96165 -0.527702
29.1107 -6.96053 -0.527731
29.111 -6.95941 -0.52776
29.1112 -6.95829 -0.52779
29.1115 -6.95717 -0.527819
29.1118 -6.95605 -0.527848
29.112 -6.95493 -0.527877
29.1123 -6.95381 -0.527907
29.1125 -6.95268 -0.527936
29.1128 -6.95156 -0.527965
29.1131 -6.95044 -0.527994
29.1133 -6.94932 -0.528024
29.1136 -6.9482 -0.528053
29.1138 -6.94708 -0.528082
29.1141 -6.94596 -0.528111
29.1144 -6.94484 -0.528141
29.1146 -6.94372 -0.52817
29.1149 -6.9426 -0.528199
29.1151 -6.94148 -0.528228
29.1154 -6.94036 -0.528258
29.1157 -6.93924 -0.528287
29.1159 -6.93812 -0.528316
29.1162 -6.937 -0.528345
29.1164 -6.93588 -0.528375
29.1167 -6.93476 -0.528404
29.117 -6.93364 -0.528433
29.1172 -6.93252 -0.528462
29.1175 -6.9314 -0.528492
29.1177 -6.93028 -0.528521
29.118 -6.92916 -0.52855
29.1183 -6.92803 -0.528579
29.1185 -6.92691 -0.528609
29.1188 -6.92579 -0.528638
29.119 -6.92467 -0.528667
29.1193 -6.92355 -0.528696
29.1196 -6.92243 -0.528726
29.1198 -6.92131 -0.528755
29.1201 -6.92019 -0.528784
29.1203 -6.91907 -0.528813
29.1206 -6.91795 -0.528843
29.1209 -6.91683 -0.528872
29.1211 -6.91571 -0.528901
29.1214 -6.91459 -0.52893
29.1216 -6.91347 -0.528959
29.1219 -6.91235 -0.528989
29.1222 -6.91122 -0.529018
29.1224 -6.9101 -0.529047
29.1227 -6.90898 -0.529076
29.1229 -6.90786 -0.529106
29.1232 -6.90674 -0.529135
29.1235 -6.90562 -0.529164
29.1237 -6.9045 -0.529193
29.124 -6.90338 -0.529222
29.1242 -6.90226 -0.529252
29.1245 -6.90114 -0.529281
29.1248 -6.90002 -0.52931
29.125 -6.8989 -0.529339
29.1253 -6.89778 -0.529369
29.1255 -6.89665 -0.529398
29.1258 -6.89553 -0.529427
29.1261 -6.89441 -0.529456
29.1263 -6.89329 -0.529485
29.1266 -6.89217 -0.529515
29.1268 -6.89105 -0.529544
29.1271 -6.88993 -0.529573
29.1273 -6.88881 -0.529602
29.1276 -6.88769 -0.529632
29.1279 -6.88657 -0.529661
29.1281 -6.88545 -0.52969
29.1284 -6.88432 -0.529719
29.1286 -6.8832 -0.529748
29.1289 -6.88208 -0.529778
29.1292 -6.88096 -0.529807
29.1294 -6.87984 -0.529836
29.1297 -6.87872 -0.529865
29.1299 -6.8776 -0.529894
29.1302 -6.87648 -0.529924
29.1305 -6.87536 -0.529953
29.1307 -6.87424 -0.529982
29.131 -6.87311 -0.530011
29.1312 -6.87199 -0.53004
29.1315 -6.87087 -0.53007
29.1317 -6.86975 -0.530099
29.132 -6.86863 -0.530128
29.1323 -6.86751 -0.530157
29.1325 -6.86639 -0.530186
29.1328 -6.86527 -0.530216
29.133 -6.86415 -0.530245
29.1333 -6.86302 -0.530274
29.1335 -6.8619 -0.530303
29.1338 -6.86078 -0.530332
29.1341 -6.85966 -0.530362
29.1343 -6.85854 -0.530391
29.1346 -6.85742 -0.53042
29.1348 -6.8563 -0.530449
29.1351 -6.85518 -0.530478
29.1353 -6.85405 -0.530507
29.1356 -6.85293 -0.530537
29.1359 -6.85181 -0.530566
29.1361 -6.85069 -0.530595
29.1364 -6.84957 -0.530624
29.1366 -6.84845 -0.530653
29.1369 -6.84733 -0.530683
29.1371 -6.84621 -0.530712
29.1374 -6.84508 -0.530741
29.1377 -6.84396 -0.53077
29.1379 -6.84284 -0.530799
29.1382 -6.84172 -0.530828
29.1384 -6.8406 -0.530858
29.1387 -6.83948 -0.530887
29.1389 -6.83836 -0.530916
29.1392 -6.83723 -0.530945
29.1395 -6.83611 -0.530974
29.1397 -6.83499 -0.531004
29.14 -6.83387 -0.531033
29.1402 -6.83275 -0.531062
29.1405 -6.83163 -0.531091
29.1407 -6.83051 -0.53112
29.141 -6.82938 -0.531149
29.1413 -6.82826 -0.531179
29.1415 -6.82714 -0.531208
29.1418 -6.82602 -0.531237
29.142 -6.8249 -0.531266
29.1423 -6.82378 -0.531295
29.1425 -6.82266 -0.531324
29.1428 -6.82153 -0.531354
29.143 -6.82041 -0.531383
29.1433 -6.81929 -0.531412
29.1436 -6.81817 -0.531441
29.1438 -6.81705 -0.53147
29.1441 -6.81593 -0.531499
29.1443 -6.8148 -0.531529
29.1446 -6.81368 -0.531558
29.1448 -6.81256 -0.531587
29.1451 -6.81144 -0.531616
29.1454 -6.81032 -0.531645
29.1456 -6.8092 -0.531674
29.1459 -6.80808 -0.531703
29.1461 -6.80695 -0.531733
29.1464 -6.80583 -0.531762
29.1466 -6.80471 -0.531791
29.1469 -6.80359 -0.53182
29.1471 -6.80247 -0.531849
29.1474 -6.80134 -0.531878
29.1477 -6.80022 -0.531908
29.1479 -6.7991 -0.531937
29.1482 -6.79798 -0.531966
29.1484 -6.79686 -0.531995
29.1487 -6.79574 -0.532024
29.1489 -6.79461 -0.532053
29.1492 -6.79349 -0.532082
29.1494 -6.79237 -0.532112
29.1497 -6.79125 -0.532141
29.1499 -6.79013 -0.53217
29.1502 -6.78901 -0.532199
29.1505 -6.78788 -0.532228
29.1507 -6.78676 -0.532257
29.151 -6.78564 -0.532286
29.1512 -6.78452 -0.532316
29.1515 -6.7834 -0.532345
29.1517 -6.78227 -0.532374
29.152 -6.78115 -0.532403
29.1522 -6.78003 -0.532432
29.1525 -6.77891 -0.532461
29.1527 -6.77779 -0.53249
29.153 -6.77666 -0.53252
29.1533 -6.77554 -0.532549
29.1535 -6.77442 -0.532578
29.1538 -6.7733 -0.532607
29.154 -6.77218 -0.532636
29.1543 -6.77105 -0.532665
29.1545 -6.76993 -0.532694
29.1548 -6.76881 -0.532723
29.155 -6.76769 -0.532753
29.1553 -6.76657 -0.532782
29.1555 -6.76544 -0.532811
29.1558 -6.76432 -0.53284
29.1561 -6.7632 -0.532869
29.1563 -6.76208 -0.532898
29.1566 -6.76096 -0.532927
29.1568 -6.75983 -0.532956
29.1571 -6.75871 -0.532986
29.1573 -6.75759 -0.533015
29.1576 -6.75647 -0.533044
29.1578 -6.75535 -0.533073
29.1581 -6.75422 -0.533102
29.1583 -6.7531 -0.533131
29.1586 -6.75198 -0.53316
29.1588 -6.75086 -0.533189
29.1591 -6.74974 -0.533219
29.1594 -6.74861 -0.533248
29.1596 -6.74749 -0.533277
29.1599 -6.74637 -0.533306
29.1601 -6.74525 -0.533335
29.1604 -6.74412 -0.533364
29.1606 -6.743 -0.533393
29.1609 -6.74188 -0.533422
29.1611 -6.74076 -0.533451
29.1614 -6.73964 -0.53348
29.1616 -6.73851 -0.53351
29.1619 -6.73739 -0.533539
29.1621 -6.73627 -0.533568
29.1624 -6.73515 -0.533597
29.1626 -6.73402 -0.533626
29.1629 -6.7329 -0.533655
29.1631 -6.73178 -0.533684
29.1634 -6.73066 -0.533713
29.1637 -6.72953 -0.533742
29.1639 -6.72841 -0.533772
29.1642 -6.72729 -0.533801
29.1644 -6.72617 -0.53383
29.1647 -6.72505 -0.533859
29.1649 -6.72392 -0.533888
29.1652 -6.7228 -0.533917
29.1654 -6.72168 -0.533946
29.1657 -6.72056 -0.533975
29.1659 -6.71943 -0.534004
29.1662 -6.71831 -0.534033
29.1664 -6.71719 -0.534062
29.1667 -6.71607 -0.534092
29.1669 -6.71494 -0.534121
29.1672 -6.71382 -0.53415
29.1674 -6.7127 -0.534179
29.1677 -6.71158 -0.534208
29.1679 -6.71045 -0.534237
29.1682 -6.70933 -0.534266
29.1684 -6.70821 -0.534295
29.1687 -6.70709 -0.534324
29.1689 -6.70596 -0.534353
29.1692 -6.70484 -0.534382
29.1694 -6.70372 -0.534412
29.1697 -6.7026 -0.534441
29.17 -6.70147 -0.53447
29.1702 -6.70035 -0.534499
29.1705 -6.69923 -0.534528
29.1707 -6.6981 -0.534557
29.171 -6.69698 -0.534586
29.1712 -6.69586 -0.534615
29.1715 -6.69474 -0.534644
29.1717 -6.69361 -0.534673
29.172 -6.69249 -0.534702
29.1722 -6.69137 -0.534731
29.1725 -6.69025 -0.53476
29.1727 -6.68912 -0.53479
29.173 -6.688 -0.534819
29.1732 -6.68688 -0.534848
29.1735 -6.68576 -0.534877
29.1737 -6.68463 -0.534906
29.174 -6.68351 -0.534935
29.1742 -6.68239 -0.534964
29.1745 -6.68126 -0.534993
29.1747 -6.68014 -0.535022
29.175 -6.67902 -0.535051
29.1752 -6.6779 -0.53508
29.1755 -6.67677 -0.535109
29.1757 -6.67565 -0.535138
29.176 -6.67453 -0.535167
29.1762 -6.6734 -0.535196
29.1765 -6.67228 -0.535226
29.1767 -6.67116 -0.535255
29.177 -6.67004 -0.535284
29.1772 -6.66891 -0.535313
29.1775 -6.66779 -0.535342
29.1777 -6.66667 -0.535371
29.178 -6.66554 -0.5354
29.1782 -6.66442 -0.535429
29.1785 -6.6633 -0.535458
29.1787 -6.66218 -0.535487
29.179 -6.66105 -0.535516
29.1792 -6.65993 -0.535545
29.1795 -6.65881 -0.535574
29.1797 -6.65768 -0.535603
29.18 -6.65656 -0.535632
29.1802 -6.65544 -0.535661
29.1805 -6.65431 -0.53569
29.1807 -6.65319 -0.535719
29.181 -6.65207 -0.535748
29.1812 -6.65095 -0.535778
29.1815 -6.64982 -0.535807
29.1817 -6.6487 -0.535836
29.182 -6.64758 -0.535865
29.1822 -6.64645 -0.535894
29.1825 -6.64533 -0.535923
29.1827 -6.64421 -0.535952
29.183 -6.64308 -0.535981
29.1832 -6.64196 -0.53601
29.1835 -6.64084 -0.536039
29.1837 -6.63971 -0.536068
29.184 -6.63859 -0.536097
29.1842 -6.63747 -0.536126
29.1845 -6.63635 -0.536155
29.1847 -6.63522 -0.536184
29.185 -6.6341 -0.536213
29.1852 -6.63298 -0.536242
29.1855 -6.63185 -0.536271
29.1857 -6.63073 -0.5363
29.186 -6.62961 -0.536329
29.1862 -6.62848 -0.536358
29.1865 -6.62736 -0.536387
29.1867 -6.62624 -0.536416
29.187 -6.62511 -0.536445
29.1872 -6.62399 -0.536474
29.1875 -6.62287 -0.536503
29.1877 -6.62174 -0.536532
29.188 -6.62062 -0.536561
29.1882 -6.6195 -0.53659
29.1884 -6.61837 -0.536619
29.1887 -6.61725 -0.536649
29.1889 -6.61613 -0.536678
29.1892 -6.615 -0.536707
29.1894 -6.61388 -0.536736
29.1897 -6.61276 -0.536765
29.1899 -6.61163 -0.536794
29.1902 -6.61051 -0.536823
29.1904 -6.60939 -0.536852
29.1907 -6.60826 -0.536881
29.1909 -6.60714 -0.53691
29.1912 -6.60602 -0.536939
29.1914 -6.60489 -0.536968
29.1917 -6.60377 -0.536997
29.1919 -6.60265 -0.537026
29.1922 -6.60152 -0.537055
29.1924 -6.6004 -0.537084
29.1927 -6.59928 -0.537113
29.1929 -6.59815 -0.537142
29.1932 -6.59703 -0.537171
29.1934 -6.5959 -0.5372
29.1937 -6.59478 -0.537229
29.1939 -6.59366 -0.537258
29.1941 -6.59253 -0.537287
29.1944 -6.59141 -0.537316
29.1946 -6.59029 -0.537345
29.1949 -6.58916 -0.537374
29.1951 -6.58804 -0.537403
