11.6682 -31.579 0.00334778
11.6693 -31.5788 0.00301269
11.6704 -31.5787 0.0026776
11.6715 -31.5785 0.00234251
11.6726 -31.5784 0.00200742
11.6737 -31.5782 0.00167233
11.6748 -31.5781 0.00133724
11.6759 -31.5779 0.00100215
11.677 -31.5778 0.000667055
11.6781 -31.5776 0.000331964
11.6792 -31.5775 -3.12673e-06
11.6803 -31.5773 -0.000338218
11.6814 -31.5772 -0.000673308
11.6825 -31.577 -0.0010084
11.6836 -31.5769 -0.00134349
11.6847 -31.5767 -0.00167858
11.6858 -31.5766 -0.00201367
11.6869 -31.5764 -0.00234876
11.688 -31.5763 -0.00268385
11.6891 -31.5761 -0.00301894
11.6902 -31.576 -0.00335403
11.6913 -31.5758 -0.00368913
11.6924 -31.5757 -0.00402422
11.6935 -31.5755 -0.00435931
11.6946 -31.5754 -0.0046944
11.6957 -31.5752 -0.00502949
11.6968 -31.5751 -0.00536458
11.6979 -31.5749 -0.00569967
11.699 -31.5748 -0.00603476
11.7001 -31.5746 -0.00636985
11.7012 -31.5745 -0.00670494
11.7023 -31.5743 -0.00704003
11.7034 -31.5742 -0.00737512
11.7045 -31.574 -0.00771021
11.7056 -31.5738 -0.0080453
11.7067 -31.5737 -0.0083804
11.7078 -31.5735 -0.00871549
11.7089 -31.5734 -0.00905058
11.71 -31.5732 -0.00938567
11.7111 -31.5731 -0.00972076
11.7122 -31.5729 -0.0100558
11.7133 -31.5728 -0.0103909
11.7144 -31.5726 -0.010726
11.7155 -31.5725 -0.0110611
11.7166 -31.5723 -0.0113962
11.7177 -31.5722 -0.0117313
11.7188 -31.572 -0.0120664
11.7199 -31.5719 -0.0124015
11.721 -31.5717 -0.0127366
11.7221 -31.5716 -0.0130717
11.7232 -31.5714 -0.0134068
11.7243 -31.5713 -0.0137418
11.7254 -31.5711 -0.0140769
11.7265 -31.571 -0.014412
11.7276 -31.5708 -0.0147471
11.7287 -31.5706 -0.0150822
11.7298 -31.5705 -0.0154173
11.7309 -31.5703 -0.0157524
11.7319 -31.5702 -0.0160875
11.733 -31.57 -0.0164226
11.7341 -31.5699 -0.0167577
11.7352 -31.5697 -0.0170927
11.7363 -31.5696 -0.0174278
11.7374 -31.5694 -0.0177629
11.7385 -31.5693 -0.018098
11.7396 -31.5691 -0.0184331
11.7407 -31.569 -0.0187682
11.7418 -31.5688 -0.0191033
11.7429 -31.5687 -0.0194384
11.744 -31.5685 -0.0197735
11.7451 -31.5684 -0.0201086
11.7462 -31.5682 -0.0204437
11.7473 -31.568 -0.0207787
11.7484 -31.5679 -0.0211138
11.7495 -31.5677 -0.0214489
11.7506 -31.5676 -0.021784
11.7517 -31.5674 -0.0221191
11.7528 -31.5673 -0.0224542
11.7539 -31.5671 -0.0227893
11.755 -31.567 -0.0231244
11.7561 -31.5668 -0.0234595
11.7572 -31.5667 -0.0237946
11.7583 -31.5665 -0.0241296
11.7594 -31.5664 -0.0244647
11.7605 -31.5662 -0.0247998
11.7616 -31.5661 -0.0251349
11.7627 -31.5659 -0.02547
11.7638 -31.5657 -0.0258051
11.7649 -31.5656 -0.0261402
11.766 -31.5654 -0.0264753
11.7671 -31.5653 -0.0268104
11.7682 -31.5651 -0.0271454
11.7693 -31.565 -0.0274805
11.7704 -31.5648 -0.0278156
11.7715 -31.5647 -0.0281507
11.7726 -31.5645 -0.0284858
11.7737 -31.5644 -0.0288209
11.7748 -31.5642 -0.029156
11.7759 -31.5641 -0.0294911
11.777 -31.5639 -0.0298262
11.7781 -31.5637 -0.0301613
11.7792 -31.5636 -0.0304963
11.7803 -31.5634 -0.0308314
11.7814 -31.5633 -0.0311665
11.7825 -31.5631 -0.0315016
11.7836 -31.563 -0.0318367
11.7847 -31.5628 -0.0321718
11.7858 -31.5627 -0.0325069
11.7869 -31.5625 -0.032842
11.788 -31.5624 -0.0331771
11.7891 -31.5622 -0.0335121
11.7902 -31.562 -0.0338472
11.7913 -31.5619 -0.0341823
11.7923 -31.5617 -0.0345174
11.7934 -31.5616 -0.0348525
11.7945 -31.5614 -0.0351876
11.7956 -31.5613 -0.0355227
11.7967 -31.5611 -0.0358578
11.7978 -31.561 -0.0361929
11.7989 -31.5608 -0.0365279
11.8 -31.5607 -0.036863
11.8011 -31.5605 -0.0371981
11.8022 -31.5603 -0.0375332
11.8033 -31.5602 -0.0378683
11.8044 -31.56 -0.0382034
11.8055 -31.5599 -0.0385385
11.8066 -31.5597 -0.0388736
11.8077 -31.5596 -0.0392087
11.8088 -31.5594 -0.0395437
11.8099 -31.5593 -0.0398788
11.811 -31.5591 -0.0402139
11.8121 -31.5589 -0.040549
11.8132 -31.5588 -0.0408841
11.8143 -31.5586 -0.0412192
11.8154 -31.5585 -0.0415543
11.8165 -31.5583 -0.0418894
11.8176 -31.5582 -0.0422244
11.8187 -31.558 -0.0425595
11.8198 -31.5579 -0.0428946
11.8209 -31.5577 -0.0432297
11.822 -31.5576 -0.0435648
11.8231 -31.5574 -0.0438999
11.8242 -31.5572 -0.044235
11.8253 -31.5571 -0.0445701
11.8264 -31.5569 -0.0449052
11.8275 -31.5568 -0.0452402
11.8286 -31.5566 -0.0455753
11.8297 -31.5565 -0.0459104
11.8308 -31.5563 -0.0462455
11.8319 -31.5562 -0.0465806
11.833 -31.556 -0.0469157
11.8341 -31.5558 -0.0472508
11.8352 -31.5557 -0.0475859
11.8363 -31.5555 -0.0479209
11.8374 -31.5554 -0.048256
11.8384 -31.5552 -0.0485911
11.8395 -31.5551 -0.0489262
11.8406 -31.5549 -0.0492613
11.8417 -31.5547 -0.0495964
11.8428 -31.5546 -0.0499315
11.8439 -31.5544 -0.0502665
11.845 -31.5543 -0.0506016
11.8461 -31.5541 -0.0509367
11.8472 -31.554 -0.0512718
11.8483 -31.5538 -0.0516069
11.8494 -31.5537 -0.051942
11.8505 -31.5535 -0.0522771
11.8516 -31.5533 -0.0526122
11.8527 -31.5532 -0.0529472
11.8538 -31.553 -0.0532823
11.8549 -31.5529 -0.0536174
11.856 -31.5527 -0.0539525
11.8571 -31.5526 -0.0542876
11.8582 -31.5524 -0.0546227
11.8593 -31.5522 -0.0549578
11.8604 -31.5521 -0.0552928
11.8615 -31.5519 -0.0556279
11.8626 -31.5518 -0.055963
11.8637 -31.5516 -0.0562981
11.8648 -31.5515 -0.0566332
11.8659 -31.5513 -0.0569683
11.867 -31.5511 -0.0573034
11.8681 -31.551 -0.0576384
11.8692 -31.5508 -0.0579735
11.8703 -31.5507 -0.0583086
11.8714 -31.5505 -0.0586437
11.8725 -31.5504 -0.0589788
11.8736 -31.5502 -0.0593139
11.8747 -31.5501 -0.059649
11.8758 -31.5499 -0.059984
11.8768 -31.5497 -0.0603191
11.8779 -31.5496 -0.0606542
11.879 -31.5494 -0.0609893
11.8801 -31.5493 -0.0613244
11.8812 -31.5491 -0.0616595
11.8823 -31.549 -0.0619946
11.8834 -31.5488 -0.0623296
11.8845 -31.5486 -0.0626647
11.8856 -31.5485 -0.0629998
11.8867 -31.5483 -0.0633349
11.8878 -31.5482 -0.06367
11.8889 -31.548 -0.0640051
11.89 -31.5478 -0.0643401
11.8911 -31.5477 -0.0646752
11.8922 -31.5475 -0.0650103
11.8933 -31.5474 -0.0653454
11.8944 -31.5472 -0.0656805
11.8955 -31.5471 -0.0660156
11.8966 -31.5469 -0.0663507
11.8977 -31.5467 -0.0666857
11.8988 -31.5466 -0.0670208
11.8999 -31.5464 -0.0673559
11.901 -31.5463 -0.067691
11.9021 -31.5461 -0.0680261
11.9032 -31.546 -0.0683612
11.9043 -31.5458 -0.0686962
11.9054 -31.5456 -0.0690313
11.9065 -31.5455 -0.0693664
11.9076 -31.5453 -0.0697015
11.9087 -31.5452 -0.0700366
11.9097 -31.545 -0.0703717
11.9108 -31.5449 -0.0707067
11.9119 -31.5447 -0.0710418
11.913 -31.5445 -0.0713769
11.9141 -31.5444 -0.071712
11.9152 -31.5442 -0.0720471
11.9163 -31.5441 -0.0723822
11.9174 -31.5439 -0.0727172
11.9185 -31.5437 -0.0730523
11.9196 -31.5436 -0.0733874
11.9207 -31.5434 -0.0737225
11.9218 -31.5433 -0.0740576
11.9229 -31.5431 -0.0743926
11.924 -31.543 -0.0747277
11.9251 -31.5428 -0.0750628
11.9262 -31.5426 -0.0753979
11.9273 -31.5425 -0.075733
11.9284 -31.5423 -0.0760681
11.9295 -31.5422 -0.0764031
11.9306 -31.542 -0.0767382
11.9317 -31.5418 -0.0770733
11.9328 -31.5417 -0.0774084
11.9339 -31.5415 -0.0777435
11.935 -31.5414 -0.0780785
11.9361 -31.5412 -0.0784136
11.9372 -31.541 -0.0787487
11.9383 -31.5409 -0.0790838
11.9394 -31.5407 -0.0794189
11.9404 -31.5406 -0.0797539
11.9415 -31.5404 -0.080089
11.9426 -31.5403 -0.0804241
11.9437 -31.5401 -0.0807592
11.9448 -31.5399 -0.0810943
11.9459 -31.5398 -0.0814294
11.947 -31.5396 -0.0817644
11.9481 -31.5395 -0.0820995
11.9492 -31.5393 -0.0824346
11.9503 -31.5391 -0.0827697
11.9514 -31.539 -0.0831048
11.9525 -31.5388 -0.0834398
11.9536 -31.5387 -0.0837749
11.9547 -31.5385 -0.08411
11.9558 -31.5383 -0.0844451
11.9569 -31.5382 -0.0847802
11.958 -31.538 -0.0851152
11.9591 -31.5379 -0.0854503
11.9602 -31.5377 -0.0857854
11.9613 -31.5375 -0.0861205
11.9624 -31.5374 -0.0864556
11.9635 -31.5372 -0.0867906
11.9646 -31.5371 -0.0871257
11.9657 -31.5369 -0.0874608
11.9668 -31.5367 -0.0877959
11.9678 -31.5366 -0.0881309
11.9689 -31.5364 -0.088466
11.97 -31.5363 -0.0888011
11.9711 -31.5361 -0.0891362
11.9722 -31.5359 -0.0894713
11.9733 -31.5358 -0.0898063
11.9744 -31.5356 -0.0901414
11.9755 -31.5355 -0.0904765
11.9766 -31.5353 -0.0908116
11.9777 -31.5351 -0.0911467
11.9788 -31.535 -0.0914817
11.9799 -31.5348 -0.0918168
11.981 -31.5347 -0.0921519
11.9821 -31.5345 -0.092487
11.9832 -31.5343 -0.092822
11.9843 -31.5342 -0.0931571
11.9854 -31.534 -0.0934922
11.9865 -31.5339 -0.0938273
11.9876 -31.5337 -0.0941623
11.9887 -31.5335 -0.0944974
11.9898 -31.5334 -0.0948325
11.9909 -31.5332 -0.0951676
11.992 -31.5331 -0.0955027
11.9931 -31.5329 -0.0958377
11.9941 -31.5327 -0.0961728
11.9952 -31.5326 -0.0965079
11.9963 -31.5324 -0.096843
11.9974 -31.5323 -0.097178
11.9985 -31.5321 -0.0975131
11.9996 -31.5319 -0.0978482
12.0007 -31.5318 -0.0981833
12.0018 -31.5316 -0.0985183
12.0029 -31.5315 -0.0988534
12.004 -31.5313 -0.0991885
12.0051 -31.5311 -0.0995236
12.0062 -31.531 -0.0998586
12.0073 -31.5308 -0.100194
12.0084 -31.5306 -0.100529
12.0095 -31.5305 -0.100864
12.0106 -31.5303 -0.101199
12.0117 -31.5302 -0.101534
12.0128 -31.53 -0.101869
12.0139 -31.5298 -0.102204
12.015 -31.5297 -0.102539
12.0161 -31.5295 -0.102874
12.0172 -31.5294 -0.103209
12.0182 -31.5292 -0.103544
12.0193 -31.529 -0.10388
12.0204 -31.5289 -0.104215
12.0215 -31.5287 -0.10455
12.0226 -31.5286 -0.104885
12.0237 -31.5284 -0.10522
12.0248 -31.5282 -0.105555
12.0259 -31.5281 -0.10589
12.027 -31.5279 -0.106225
12.0281 -31.5277 -0.10656
12.0292 -31.5276 -0.106895
12.0303 -31.5274 -0.10723
12.0314 -31.5273 -0.107565
12.0325 -31.5271 -0.1079
12.0336 -31.5269 -0.108235
12.0347 -31.5268 -0.108571
12.0358 -31.5266 -0.108906
12.0369 -31.5264 -0.109241
12.038 -31.5263 -0.109576
12.0391 -31.5261 -0.109911
12.0401 -31.526 -0.110246
12.0412 -31.5258 -0.110581
12.0423 -31.5256 -0.110916
12.0434 -31.5255 -0.111251
12.0445 -31.5253 -0.111586
12.0456 -31.5252 -0.111921
12.0467 -31.525 -0.112256
12.0478 -31.5248 -0.112591
12.0489 -31.5247 -0.112926
12.05 -31.5245 -0.113262
12.0511 -31.5243 -0.113597
12.0522 -31.5242 -0.113932
12.0533 -31.524 -0.114267
12.0544 -31.5239 -0.114602
12.0555 -31.5237 -0.114937
12.0566 -31.5235 -0.115272
12.0577 -31.5234 -0.115607
12.0588 -31.5232 -0.115942
12.0599 -31.523 -0.116277
12.061 -31.5229 -0.116612
12.062 -31.5227 -0.116947
12.0631 -31.5226 -0.117282
12.0642 -31.5224 -0.117617
12.0653 -31.5222 -0.117953
12.0664 -31.5221 -0.118288
12.0675 -31.5219 -0.118623
12.0686 -31.5217 -0.118958
12.0697 -31.5216 -0.119293
12.0708 -31.5214 -0.119628
12.0719 -31.5213 -0.119963
12.073 -31.5211 -0.120298
12.0741 -31.5209 -0.120633
12.0752 -31.5208 -0.120968
12.0763 -31.5206 -0.121303
12.0774 -31.5204 -0.121638
12.0785 -31.5203 -0.121973
12.0796 -31.5201 -0.122308
12.0807 -31.5199 -0.122644
12.0818 -31.5198 -0.122979
12.0828 -31.5196 -0.123314
12.0839 -31.5195 -0.123649
12.085 -31.5193 -0.123984
12.0861 -31.5191 -0.124319
12.0872 -31.519 -0.124654
12.0883 -31.5188 -0.124989
12.0894 -31.5186 -0.125324
12.0905 -31.5185 -0.125659
12.0916 -31.5183 -0.125994
12.0927 -31.5182 -0.126329
12.0938 -31.518 -0.126664
12.0949 -31.5178 -0.126999
12.096 -31.5177 -0.127334
12.0971 -31.5175 -0.12767
12.0982 -31.5173 -0.128005
12.0993 -31.5172 -0.12834
12.1004 -31.517 -0.128675
12.1015 -31.5168 -0.12901
12.1025 -31.5167 -0.129345
12.1036 -31.5165 -0.12968
12.1047 -31.5163 -0.130015
12.1058 -31.5162 -0.13035
12.1069 -31.516 -0.130685
12.108 -31.5159 -0.13102
12.1091 -31.5157 -0.131355
12.1102 -31.5155 -0.13169
12.1113 -31.5154 -0.132025
12.1124 -31.5152 -0.13236
12.1135 -31.515 -0.132695
12.1146 -31.5149 -0.133031
12.1157 -31.5147 -0.133366
12.1168 -31.5145 -0.133701
12.1179 -31.5144 -0.134036
12.119 -31.5142 -0.134371
12.1201 -31.5141 -0.134706
12.1211 -31.5139 -0.135041
12.1222 -31.5137 -0.135376
12.1233 -31.5136 -0.135711
12.1244 -31.5134 -0.136046
12.1255 -31.5132 -0.136381
12.1266 -31.5131 -0.136716
12.1277 -31.5129 -0.137051
12.1288 -31.5127 -0.137386
12.1299 -31.5126 -0.137721
12.131 -31.5124 -0.138056
12.1321 -31.5122 -0.138392
12.1332 -31.5121 -0.138727
12.1343 -31.5119 -0.139062
12.1354 -31.5117 -0.139397
12.1365 -31.5116 -0.139732
12.1376 -31.5114 -0.140067
12.1387 -31.5113 -0.140402
12.1397 -31.5111 -0.140737
12.1408 -31.5109 -0.141072
12.1419 -31.5108 -0.141407
12.143 -31.5106 -0.141742
12.1441 -31.5104 -0.142077
12.1452 -31.5103 -0.142412
12.1463 -31.5101 -0.142747
12.1474 -31.5099 -0.143082
12.1485 -31.5098 -0.143417
12.1496 -31.5096 -0.143752
12.1507 -31.5094 -0.144088
12.1518 -31.5093 -0.144423
12.1529 -31.5091 -0.144758
12.154 -31.5089 -0.145093
12.1551 -31.5088 -0.145428
12.1562 -31.5086 -0.145763
12.1572 -31.5084 -0.146098
12.1583 -31.5083 -0.146433
12.1594 -31.5081 -0.146768
12.1605 -31.5079 -0.147103
12.1616 -31.5078 -0.147438
12.1627 -31.5076 -0.147773
12.1638 -31.5075 -0.148108
12.1649 -31.5073 -0.148443
12.166 -31.5071 -0.148778
12.1671 -31.507 -0.149113
12.1682 -31.5068 -0.149448
12.1693 -31.5066 -0.149784
12.1704 -31.5065 -0.150119
12.1715 -31.5063 -0.150454
12.1726 -31.5061 -0.150789
12.1737 -31.506 -0.151124
12.1747 -31.5058 -0.151459
12.1758 -31.5056 -0.151794
12.1769 -31.5055 -0.152129
12.178 -31.5053 -0.152464
12.1791 -31.5051 -0.152799
12.1802 -31.505 -0.153134
12.1813 -31.5048 -0.153469
12.1824 -31.5046 -0.153804
12.1835 -31.5045 -0.154139
12.1846 -31.5043 -0.154474
12.1857 -31.5041 -0.154809
12.1868 -31.504 -0.155144
12.1879 -31.5038 -0.155479
12.189 -31.5036 -0.155815
12.1901 -31.5035 -0.15615
12.1911 -31.5033 -0.156485
12.1922 -31.5031 -0.15682
12.1933 -31.503 -0.157155
12.1944 -31.5028 -0.15749
12.1955 -31.5026 -0.157825
12.1966 -31.5025 -0.15816
12.1977 -31.5023 -0.158495
12.1988 -31.5021 -0.15883
12.1999 -31.502 -0.159165
12.201 -31.5018 -0.1595
12.2021 -31.5016 -0.159835
12.2032 -31.5015 -0.16017
12.2043 -31.5013 -0.160505
12.2054 -31.5011 -0.16084
12.2065 -31.501 -0.161175
12.2075 -31.5008 -0.16151
12.2086 -31.5006 -0.161845
12.2097 -31.5005 -0.16218
12.2108 -31.5003 -0.162516
12.2119 -31.5001 -0.162851
12.213 -31.5 -0.163186
12.2141 -31.4998 -0.163521
12.2152 -31.4996 -0.163856
12.2163 -31.4995 -0.164191
12.2174 -31.4993 -0.164526
12.2185 -31.4991 -0.164861
12.2196 -31.499 -0.165196
12.2207 -31.4988 -0.165531
12.2218 -31.4986 -0.165866
12.2228 -31.4985 -0.166201
12.2239 -31.4983 -0.166536
12.225 -31.4981 -0.166871
12.2261 -31.498 -0.167206
12.2272 -31.4978 -0.167541
12.2283 -31.4976 -0.167876
12.2294 -31.4975 -0.168211
12.2305 -31.4973 -0.168546
12.2316 -31.4971 -0.168881
12.2327 -31.4969 -0.169217
12.2338 -31.4968 -0.169552
12.2349 -31.4966 -0.169887
12.236 -31.4964 -0.170222
12.2371 -31.4963 -0.170557
12.2381 -31.4961 -0.170892
12.2392 -31.4959 -0.171227
12.2403 -31.4958 -0.171562
12.2414 -31.4956 -0.171897
12.2425 -31.4954 -0.172232
12.2436 -31.4953 -0.172567
12.2447 -31.4951 -0.172902
12.2458 -31.4949 -0.173237
12.2469 -31.4948 -0.173572
12.248 -31.4946 -0.173907
12.2491 -31.4944 -0.174242
12.2502 -31.4943 -0.174577
12.2513 -31.4941 -0.174912
12.2524 -31.4939 -0.175247
12.2534 -31.4938 -0.175582
12.2545 -31.4936 -0.175917
12.2556 -31.4934 -0.176252
12.2567 -31.4933 -0.176587
12.2578 -31.4931 -0.176923
12.2589 -31.4929 -0.177258
12.26 -31.4927 -0.177593
12.2611 -31.4926 -0.177928
12.2622 -31.4924 -0.178263
12.2633 -31.4922 -0.178598
12.2644 -31.4921 -0.178933
12.2655 -31.4919 -0.179268
12.2666 -31.4917 -0.179603
12.2677 -31.4916 -0.179938
12.2687 -31.4914 -0.180273
12.2698 -31.4912 -0.180608
12.2709 -31.4911 -0.180943
12.272 -31.4909 -0.181278
12.2731 -31.4907 -0.181613
12.2742 -31.4906 -0.181948
12.2753 -31.4904 -0.182283
12.2764 -31.4902 -0.182618
12.2775 -31.49 -0.182953
12.2786 -31.4899 -0.183288
12.2797 -31.4897 -0.183623
12.2808 -31.4895 -0.183958
12.2819 -31.4894 -0.184293
12.2829 -31.4892 -0.184628
12.284 -31.489 -0.184963
12.2851 -31.4889 -0.185299
12.2862 -31.4887 -0.185634
12.2873 -31.4885 -0.185969
12.2884 -31.4884 -0.186304
12.2895 -31.4882 -0.186639
12.2906 -31.488 -0.186974
12.2917 -31.4878 -0.187309
12.2928 -31.4877 -0.187644
12.2939 -31.4875 -0.187979
12.295 -31.4873 -0.188314
12.296 -31.4872 -0.188649
12.2971 -31.487 -0.188984
12.2982 -31.4868 -0.189319
12.2993 -31.4867 -0.189654
12.3004 -31.4865 -0.189989
12.3015 -31.4863 -0.190324
12.3026 -31.4861 -0.190659
12.3037 -31.486 -0.190994
12.3048 -31.4858 -0.191329
12.3059 -31.4856 -0.191664
12.307 -31.4855 -0.191999
12.3081 -31.4853 -0.192334
12.3092 -31.4851 -0.192669
12.3102 -31.485 -0.193004
12.3113 -31.4848 -0.193339
12.3124 -31.4846 -0.193674
12.3135 -31.4844 -0.194009
12.3146 -31.4843 -0.194344
12.3157 -31.4841 -0.194679
12.3168 -31.4839 -0.195015
12.3179 -31.4838 -0.19535
12.319 -31.4836 -0.195685
12.3201 -31.4834 -0.19602
12.3212 -31.4833 -0.196355
12.3223 -31.4831 -0.19669
12.3233 -31.4829 -0.197025
12.3244 -31.4827 -0.19736
12.3255 -31.4826 -0.197695
12.3266 -31.4824 -0.19803
12.3277 -31.4822 -0.198365
12.3288 -31.4821 -0.1987
12.3299 -31.4819 -0.199035
12.331 -31.4817 -0.19937
12.3321 -31.4815 -0.199705
12.3332 -31.4814 -0.20004
12.3343 -31.4812 -0.200375
12.3354 -31.481 -0.20071
12.3364 -31.4809 -0.201045
12.3375 -31.4807 -0.20138
12.3386 -31.4805 -0.201715
12.3397 -31.4804 -0.20205
12.3408 -31.4802 -0.202385
12.3419 -31.48 -0.20272
12.343 -31.4798 -0.203055
12.3441 -31.4797 -0.20339
12.3452 -31.4795 -0.203725
12.3463 -31.4793 -0.20406
12.3474 -31.4792 -0.204395
12.3485 -31.479 -0.20473
12.3495 -31.4788 -0.205065
12.3506 -31.4786 -0.2054
12.3517 -31.4785 -0.205735
12.3528 -31.4783 -0.20607
12.3539 -31.4781 -0.206405
12.355 -31.478 -0.206741
12.3561 -31.4778 -0.207076
12.3572 -31.4776 -0.207411
12.3583 -31.4774 -0.207746
12.3594 -31.4773 -0.208081
12.3605 -31.4771 -0.208416
12.3616 -31.4769 -0.208751
12.3626 -31.4768 -0.209086
12.3637 -31.4766 -0.209421
12.3648 -31.4764 -0.209756
12.3659 -31.4762 -0.210091
12.367 -31.4761 -0.210426
12.3681 -31.4759 -0.210761
12.3692 -31.4757 -0.211096
12.3703 -31.4756 -0.211431
12.3714 -31.4754 -0.211766
12.3725 -31.4752 -0.212101
12.3736 -31.475 -0.212436
12.3746 -31.4749 -0.212771
12.3757 -31.4747 -0.213106
12.3768 -31.4745 -0.213441
12.3779 -31.4744 -0.213776
12.379 -31.4742 -0.214111
12.3801 -31.474 -0.214446
12.3812 -31.4738 -0.214781
12.3823 -31.4737 -0.215116
12.3834 -31.4735 -0.215451
12.3845 -31.4733 -0.215786
12.3856 -31.4731 -0.216121
12.3867 -31.473 -0.216456
12.3877 -31.4728 -0.216791
12.3888 -31.4726 -0.217126
12.3899 -31.4725 -0.217461
12.391 -31.4723 -0.217796
12.3921 -31.4721 -0.218131
12.3932 -31.4719 -0.218466
12.3943 -31.4718 -0.218801
12.3954 -31.4716 -0.219136
12.3965 -31.4714 -0.219471
12.3976 -31.4712 -0.219806
12.3987 -31.4711 -0.220141
12.3997 -31.4709 -0.220476
12.4008 -31.4707 -0.220811
12.4019 -31.4706 -0.221146
12.403 -31.4704 -0.221481
12.4041 -31.4702 -0.221816
12.4052 -31.47 -0.222151
12.4063 -31.4699 -0.222486
12.4074 -31.4697 -0.222821
12.4085 -31.4695 -0.223156
12.4096 -31.4693 -0.223491
12.4107 -31.4692 -0.223826
12.4117 -31.469 -0.224161
12.4128 -31.4688 -0.224497
12.4139 -31.4687 -0.224832
12.415 -31.4685 -0.225167
12.4161 -31.4683 -0.225502
12.4172 -31.4681 -0.225837
12.4183 -31.468 -0.226172
12.4194 -31.4678 -0.226507
12.4205 -31.4676 -0.226842
12.4216 -31.4674 -0.227177
12.4226 -31.4673 -0.227512
12.4237 -31.4671 -0.227847
12.4248 -31.4669 -0.228182
12.4259 -31.4667 -0.228517
12.427 -31.4666 -0.228852
12.4281 -31.4664 -0.229187
12.4292 -31.4662 -0.229522
12.4303 -31.4661 -0.229857
12.4314 -31.4659 -0.230192
12.4325 -31.4657 -0.230527
12.4336 -31.4655 -0.230862
12.4346 -31.4654 -0.231197
12.4357 -31.4652 -0.231532
12.4368 -31.465 -0.231867
12.4379 -31.4648 -0.232202
12.439 -31.4647 -0.232537
12.4401 -31.4645 -0.232872
12.4412 -31.4643 -0.233207
12.4423 -31.4641 -0.233542
12.4434 -31.464 -0.233877
12.4445 -31.4638 -0.234212
12.4455 -31.4636 -0.234547
12.4466 -31.4634 -0.234882
12.4477 -31.4633 -0.235217
12.4488 -31.4631 -0.235552
12.4499 -31.4629 -0.235887
12.451 -31.4627 -0.236222
12.4521 -31.4626 -0.236557
12.4532 -31.4624 -0.236892
12.4543 -31.4622 -0.237227
12.4554 -31.4621 -0.237562
12.4565 -31.4619 -0.237897
12.4575 -31.4617 -0.238232
12.4586 -31.4615 -0.238567
12.4597 -31.4614 -0.238902
12.4608 -31.4612 -0.239237
12.4619 -31.461 -0.239572
12.463 -31.4608 -0.239907
12.4641 -31.4607 -0.240242
12.4652 -31.4605 -0.240577
12.4663 -31.4603 -0.240912
12.4674 -31.4601 -0.241247
12.4684 -31.46 -0.241582
12.4695 -31.4598 -0.241917
12.4706 -31.4596 -0.242252
12.4717 -31.4594 -0.242587
12.4728 -31.4593 -0.242922
12.4739 -31.4591 -0.243257
12.475 -31.4589 -0.243592
12.4761 -31.4587 -0.243927
12.4772 -31.4586 -0.244262
12.4783 -31.4584 -0.244597
12.4793 -31.4582 -0.244932
12.4804 -31.458 -0.245267
12.4815 -31.4579 -0.245602
12.4826 -31.4577 -0.245937
12.4837 -31.4575 -0.246272
12.4848 -31.4573 -0.246607
12.4859 -31.4572 -0.246942
12.487 -31.457 -0.247277
12.4881 -31.4568 -0.247612
12.4892 -31.4566 -0.247947
12.4902 -31.4565 -0.248282
12.4913 -31.4563 -0.248617
12.4924 -31.4561 -0.248952
12.4935 -31.4559 -0.249287
12.4946 -31.4558 -0.249622
12.4957 -31.4556 -0.249957
12.4968 -31.4554 -0.250292
12.4979 -31.4552 -0.250627
12.499 -31.4551 -0.250962
12.5 -31.4549 -0.251297
12.5011 -31.4547 -0.251632
12.5022 -31.4545 -0.251967
12.5033 -31.4543 -0.252302
12.5044 -31.4542 -0.252637
12.5055 -31.454 -0.252972
12.5066 -31.4538 -0.253307
12.5077 -31.4536 -0.253642
12.5088 -31.4535 -0.253977
12.5099 -31.4533 -0.254312
12.5109 -31.4531 -0.254647
12.512 -31.4529 -0.254982
12.5131 -31.4528 -0.255317
12.5142 -31.4526 -0.255652
12.5153 -31.4524 -0.255987
12.5164 -31.4522 -0.256322
12.5175 -31.4521 -0.256657
12.5186 -31.4519 -0.256992
12.5197 -31.4517 -0.257327
12.5208 -31.4515 -0.257662
12.5218 -31.4514 -0.257997
12.5229 -31.4512 -0.258332
12.524 -31.451 -0.258667
12.5251 -31.4508 -0.259002
12.5262 -31.4506 -0.259337
12.5273 -31.4505 -0.259671
12.5284 -31.4503 -0.260006
12.5295 -31.4501 -0.260341
12.5306 -31.4499 -0.260676
12.5316 -31.4498 -0.261011
12.5327 -31.4496 -0.261346
12.5338 -31.4494 -0.261681
12.5349 -31.4492 -0.262016
12.536 -31.4491 -0.262351
12.5371 -31.4489 -0.262686
12.5382 -31.4487 -0.263021
12.5393 -31.4485 -0.263356
12.5404 -31.4484 -0.263691
12.5414 -31.4482 -0.264026
12.5425 -31.448 -0.264361
12.5436 -31.4478 -0.264696
12.5447 -31.4476 -0.265031
12.5458 -31.4475 -0.265366
12.5469 -31.4473 -0.265701
12.548 -31.4471 -0.266036
12.5491 -31.4469 -0.266371
12.5502 -31.4468 -0.266706
12.5513 -31.4466 -0.267041
12.5523 -31.4464 -0.267376
12.5534 -31.4462 -0.267711
12.5545 -31.446 -0.268046
12.5556 -31.4459 -0.268381
12.5567 -31.4457 -0.268716
12.5578 -31.4455 -0.269051
12.5589 -31.4453 -0.269386
12.56 -31.4452 -0.269721
12.5611 -31.445 -0.270056
12.5621 -31.4448 -0.270391
12.5632 -31.4446 -0.270726
12.5643 -31.4444 -0.271061
12.5654 -31.4443 -0.271396
12.5665 -31.4441 -0.271731
12.5676 -31.4439 -0.272066
12.5687 -31.4437 -0.272401
12.5698 -31.4436 -0.272736
12.5709 -31.4434 -0.273071
12.5719 -31.4432 -0.273406
12.573 -31.443 -0.273741
12.5741 -31.4428 -0.274076
12.5752 -31.4427 -0.274411
12.5763 -31.4425 -0.274746
12.5774 -31.4423 -0.275081
12.5785 -31.4421 -0.275416
12.5796 -31.442 -0.275751
12.5807 -31.4418 -0.276086
12.5817 -31.4416 -0.27642
12.5828 -31.4414 -0.276755
12.5839 -31.4412 -0.27709
12.585 -31.4411 -0.277425
12.5861 -31.4409 -0.27776
12.5872 -31.4407 -0.278095
12.5883 -31.4405 -0.27843
12.5894 -31.4404 -0.278765
12.5905 -31.4402 -0.2791
12.5915 -31.44 -0.279435
12.5926 -31.4398 -0.27977
12.5937 -31.4396 -0.280105
12.5948 -31.4395 -0.28044
12.5959 -31.4393 -0.280775
12.597 -31.4391 -0.28111
12.5981 -31.4389 -0.281445
12.5992 -31.4387 -0.28178
12.6002 -31.4386 -0.282115
12.6013 -31.4384 -0.28245
12.6024 -31.4382 -0.282785
12.6035 -31.438 -0.28312
12.6046 -31.4379 -0.283455
12.6057 -31.4377 -0.28379
12.6068 -31.4375 -0.284125
12.6079 -31.4373 -0.28446
12.609 -31.4371 -0.284795
12.61 -31.437 -0.28513
12.6111 -31.4368 -0.285465
12.6122 -31.4366 -0.2858
12.6133 -31.4364 -0.286135
12.6144 -31.4362 -0.28647
12.6155 -31.4361 -0.286804
12.6166 -31.4359 -0.287139
12.6177 -31.4357 -0.287474
12.6188 -31.4355 -0.287809
12.6198 -31.4353 -0.288144
12.6209 -31.4352 -0.288479
12.622 -31.435 -0.288814
12.6231 -31.4348 -0.289149
12.6242 -31.4346 -0.289484
12.6253 -31.4345 -0.289819
12.6264 -31.4343 -0.290154
12.6275 -31.4341 -0.290489
12.6285 -31.4339 -0.290824
12.6296 -31.4337 -0.291159
12.6307 -31.4336 -0.291494
12.6318 -31.4334 -0.291829
12.6329 -31.4332 -0.292164
12.634 -31.433 -0.292499
12.6351 -31.4328 -0.292834
12.6362 -31.4327 -0.293169
12.6372 -31.4325 -0.293504
12.6383 -31.4323 -0.293839
12.6394 -31.4321 -0.294174
12.6405 -31.4319 -0.294509
12.6416 -31.4318 -0.294844
12.6427 -31.4316 -0.295178
12.6438 -31.4314 -0.295513
12.6449 -31.4312 -0.295848
12.646 -31.431 -0.296183
12.647 -31.4309 -0.296518
12.6481 -31.4307 -0.296853
12.6492 -31.4305 -0.297188
12.6503 -31.4303 -0.297523
12.6514 -31.4301 -0.297858
12.6525 -31.43 -0.298193
12.6536 -31.4298 -0.298528
12.6547 -31.4296 -0.298863
12.6557 -31.4294 -0.299198
12.6568 -31.4292 -0.299533
12.6579 -31.4291 -0.299868
12.659 -31.4289 -0.300203
12.6601 -31.4287 -0.300538
12.6612 -31.4285 -0.300873
12.6623 -31.4283 -0.301208
12.6634 -31.4281 -0.301543
12.6644 -31.428 -0.301878
12.6655 -31.4278 -0.302212
12.6666 -31.4276 -0.302547
12.6677 -31.4274 -0.302882
12.6688 -31.4272 -0.303217
12.6699 -31.4271 -0.303552
12.671 -31.4269 -0.303887
12.6721 -31.4267 -0.304222
12.6731 -31.4265 -0.304557
12.6742 -31.4263 -0.304892
12.6753 -31.4262 -0.305227
12.6764 -31.426 -0.305562
12.6775 -31.4258 -0.305897
12.6786 -31.4256 -0.306232
12.6797 -31.4254 -0.306567
12.6808 -31.4253 -0.306902
12.6818 -31.4251 -0.307237
12.6829 -31.4249 -0.307572
12.684 -31.4247 -0.307907
12.6851 -31.4245 -0.308242
12.6862 -31.4243 -0.308576
12.6873 -31.4242 -0.308911
12.6884 -31.424 -0.309246
12.6895 -31.4238 -0.309581
12.6905 -31.4236 -0.309916
12.6916 -31.4234 -0.310251
12.6927 -31.4233 -0.310586
12.6938 -31.4231 -0.310921
12.6949 -31.4229 -0.311256
12.696 -31.4227 -0.311591
12.6971 -31.4225 -0.311926
12.6982 -31.4224 -0.312261
12.6992 -31.4222 -0.312596
12.7003 -31.422 -0.312931
12.7014 -31.4218 -0.313266
12.7025 -31.4216 -0.313601
12.7036 -31.4214 -0.313936
12.7047 -31.4213 -0.31427
12.7058 -31.4211 -0.314605
12.7069 -31.4209 -0.31494
12.7079 -31.4207 -0.315275
12.709 -31.4205 -0.31561
12.7101 -31.4204 -0.315945
12.7112 -31.4202 -0.31628
12.7123 -31.42 -0.316615
12.7134 -31.4198 -0.31695
12.7145 -31.4196 -0.317285
12.7156 -31.4194 -0.31762
12.7166 -31.4193 -0.317955
12.7177 -31.4191 -0.31829
12.7188 -31.4189 -0.318625
12.7199 -31.4187 -0.31896
12.721 -31.4185 -0.319294
12.7221 -31.4183 -0.319629
12.7232 -31.4182 -0.319964
12.7243 -31.418 -0.320299
12.7253 -31.4178 -0.320634
12.7264 -31.4176 -0.320969
12.7275 -31.4174 -0.321304
12.7286 -31.4173 -0.321639
12.7297 -31.4171 -0.321974
12.7308 -31.4169 -0.322309
12.7319 -31.4167 -0.322644
12.7329 -31.4165 -0.322979
12.734 -31.4163 -0.323314
12.7351 -31.4162 -0.323649
12.7362 -31.416 -0.323984
12.7373 -31.4158 -0.324318
12.7384 -31.4156 -0.324653
12.7395 -31.4154 -0.324988
12.7406 -31.4152 -0.325323
12.7416 -31.4151 -0.325658
12.7427 -31.4149 -0.325993
12.7438 -31.4147 -0.326328
12.7449 -31.4145 -0.326663
12.746 -31.4143 -0.326998
12.7471 -31.4141 -0.327333
12.7482 -31.414 -0.327668
12.7492 -31.4138 -0.328003
12.7503 -31.4136 -0.328338
12.7514 -31.4134 -0.328672
12.7525 -31.4132 -0.329007
12.7536 -31.413 -0.329342
12.7547 -31.4129 -0.329677
12.7558 -31.4127 -0.330012
12.7569 -31.4125 -0.330347
12.7579 -31.4123 -0.330682
12.759 -31.4121 -0.331017
12.7601 -31.4119 -0.331352
