0.0 0.0 0.0
0.0 0.0 0.0
0.02289156292778706 -0.4600322284671032 -0.03969085759251941
8.196578360432543 1.0377015069218147 -0.667145253378925
0.6532839585525638 0.3118181526908649 -0.03342056761761163
-3.2039605708184054 6.630400755554966 0.27585758405322197
0.8765050557173649 0.4715645679721272 -2.19083407643767e-05
-3.077486450170032 5.503990755581942 -0.00011290054075552127
1.389560200606188 -0.03368549892488484 -0.03480262484692486
0.31894692535400826 5.542616316156517 0.10831471657601702
-2.608419560286494 -4.693097675142516 0.07785689562431203
2.3761749558256002 -1.2090920492062296 -0.04814409500285047
1.590991383504502 -9.935642578497415 0.1093778360004679
1.9015166685195108 0.3145811124309021 -0.0810624545684677
17.16004314238246 10.01610951914014 -0.1850097277796742
-0.7318099098696571 1.1717582347543574 0.013781445340257659
28.92681014362943 -7.705393750467173 -0.5080431136761442
0.2899445471365661 1.1130813491673965 -0.02977014473899446
