0.0 0.0 0.0
0.02289156292778706 -0.4600322284671032 -0.03969085759251941
0.6532839585525638 0.3118181526908649 -0.03342056761761163
0.8765050557173649 0.4715645679721272 -2.19083407643767e-05
1.389560200606188 -0.03368549892488484 -0.03480262484692486
-2.608419560286494 -4.693097675142516 0.07785689562431203
1.590991383504502 -9.935642578497415 0.1093778360004679
17.16004314238246 10.01610951914014 -0.1850097277796742
28.92681014362943 -7.705393750467173 -0.5080431136761442
11.66821433558843 -31.57899846202243 0.003347781098132288
