1 0.0628319
-1.334e+16 0.125664
-3.99414e+16 -8.33238e+14
-6.65428e+16 -1.66648e+15
-9.31442e+16 -2.49971e+15
-1.19746e+17 -3.33295e+15
-1.46347e+17 -4.16619e+15
-1.72948e+17 -4.99943e+15
-1.9955e+17 -5.83266e+15
-2.26151e+17 -6.6659e+15
-2.52753e+17 -7.49914e+15
-2.79354e+17 -8.33238e+15
-3.05955e+17 -9.16562e+15
-3.32557e+17 -9.99885e+15
-3.59158e+17 -1.08321e+16
-3.85759e+17 -1.16653e+16
-4.12361e+17 -1.24986e+16
-4.38962e+17 -1.33318e+16
-4.65564e+17 -1.4165e+16
-4.92165e+17 -1.49983e+16
-5.18766e+17 -1.58315e+16
-5.45368e+17 -1.66648e+16
-5.71969e+17 -1.7498e+16
-5.98571e+17 -1.83312e+16
-6.25172e+17 -1.91645e+16
-6.51773e+17 -1.99977e+16
-6.78375e+17 -2.08309e+16
-7.04976e+17 -2.16642e+16
-7.31578e+17 -2.24974e+16
-7.58179e+17 -2.33307e+16
-7.8478e+17 -2.41639e+16
-8.11382e+17 -2.49971e+16
-8.37983e+17 -2.58304e+16
-8.64585e+17 -2.66636e+16
-8.91186e+17 -2.74968e+16
-9.17787e+17 -2.83301e+16
-9.44389e+17 -2.91633e+16
-9.7099e+17 -2.99966e+16
-9.97591e+17 -3.08298e+16
-1.02419e+18 -3.1663e+16
-1.05079e+18 -3.24963e+16
-1.0774e+18 -3.33295e+16
-1.104e+18 -3.41628e+16
-1.1306e+18 -3.4996e+16
-1.1572e+18 -3.58292e+16
-1.1838e+18 -3.66625e+16
-1.2104e+18 -3.74957e+16
-1.237e+18 -3.83289e+16
-1.26361e+18 -3.91622e+16
-1.29021e+18 -3.99954e+16
-1.31681e+18 -4.08287e+16
-1.34341e+18 -4.16619e+16
-1.37001e+18 -4.24951e+16
-1.39661e+18 -4.33284e+16
-1.42321e+18 -4.41616e+16
-1.44982e+18 -4.49948e+16
-1.47642e+18 -4.58281e+16
-1.50302e+18 -4.66613e+16
-1.52962e+18 -4.74946e+16
-1.55622e+18 -4.83278e+16
-1.58282e+18 -4.9161e+16
-1.60942e+18 -4.99943e+16
-1.63602e+18 -5.08275e+16
-1.66263e+18 -5.16607e+16
-1.68923e+18 -5.2494e+16
-1.71583e+18 -5.33272e+16
-1.74243e+18 -5.41605e+16
-1.76903e+18 -5.49937e+16
-1.79563e+18 -5.58269e+16
-1.82223e+18 -5.66602e+16
-1.84884e+18 -5.74934e+16
-1.87544e+18 -5.83266e+16
-1.90204e+18 -5.91599e+16
-1.92864e+18 -5.99931e+16
-1.95524e+18 -6.08264e+16
-1.98184e+18 -6.16596e+16
-2.00844e+18 -6.24928e+16
-2.03505e+18 -6.33261e+16
-2.06165e+18 -6.41593e+16
-2.08825e+18 -6.49925e+16
-2.11485e+18 -6.58258e+16
-2.14145e+18 -6.6659e+16
-2.16805e+18 -6.74923e+16
-2.19465e+18 -6.83255e+16
-2.22126e+18 -6.91587e+16
-2.24786e+18 -6.9992e+16
-2.27446e+18 -7.08252e+16
-2.30106e+18 -7.16585e+16
-2.32766e+18 -7.24917e+16
-2.35426e+18 -7.33249e+16
-2.38086e+18 -7.41582e+16
-2.40747e+18 -7.49914e+16
-2.43407e+18 -7.58246e+16
-2.46067e+18 -7.66579e+16
-2.48727e+18 -7.74911e+16
-2.51387e+18 -7.83244e+16
-2.54047e+18 -7.91576e+16
-2.56707e+18 -7.99908e+16
-2.59367e+18 -8.08241e+16
-2.62028e+18 -8.16573e+16
-2.64688e+18 -8.24905e+16
-2.67348e+18 -8.33238e+16
-2.70008e+18 -8.4157e+16
-2.72668e+18 -8.49903e+16
-2.75328e+18 -8.58235e+16
-2.77988e+18 -8.66567e+16
-2.80649e+18 -8.749e+16
-2.83309e+18 -8.83232e+16
-2.85969e+18 -8.91564e+16
-2.88629e+18 -8.99897e+16
-2.91289e+18 -9.08229e+16
-2.93949e+18 -9.16562e+16
-2.96609e+18 -9.24894e+16
-2.9927e+18 -9.33226e+16
-3.0193e+18 -9.41559e+16
-3.0459e+18 -9.49891e+16
-3.0725e+18 -9.58223e+16
-3.0991e+18 -9.66556e+16
-3.1257e+18 -9.74888e+16
-3.1523e+18 -9.83221e+16
-3.17891e+18 -9.91553e+16
-3.20551e+18 -9.99885e+16
-3.23211e+18 -1.00822e+17
-3.25871e+18 -1.01655e+17
-3.28531e+18 -1.02488e+17
-3.31191e+18 -1.03321e+17
-3.33851e+18 -1.04155e+17
-3.36512e+18 -1.04988e+17
-3.39172e+18 -1.05821e+17
-3.41832e+18 -1.06654e+17
-3.44492e+18 -1.07488e+17
-3.47152e+18 -1.08321e+17
-3.49812e+18 -1.09154e+17
-3.52472e+18 -1.09987e+17
-3.55133e+18 -1.10821e+17
-3.57793e+18 -1.11654e+17
-3.60453e+18 -1.12487e+17
-3.63113e+18 -1.1332e+17
-3.65773e+18 -1.14154e+17
-3.68433e+18 -1.14987e+17
-3.71093e+18 -1.1582e+17
-3.73753e+18 -1.16653e+17
-3.76414e+18 -1.17487e+17
-3.79074e+18 -1.1832e+17
-3.81734e+18 -1.19153e+17
-3.84394e+18 -1.19986e+17
-3.87054e+18 -1.20819e+17
-3.89714e+18 -1.21653e+17
-3.92374e+18 -1.22486e+17
-3.95035e+18 -1.23319e+17
-3.97695e+18 -1.24152e+17
-4.00355e+18 -1.24986e+17
-4.03015e+18 -1.25819e+17
-4.05675e+18 -1.26652e+17
-4.08335e+18 -1.27485e+17
-4.10995e+18 -1.28319e+17
-4.13656e+18 -1.29152e+17
-4.16316e+18 -1.29985e+17
-4.18976e+18 -1.30818e+17
-4.21636e+18 -1.31652e+17
-4.24296e+18 -1.32485e+17
-4.26956e+18 -1.33318e+17
-4.29616e+18 -1.34151e+17
-4.32277e+18 -1.34985e+17
-4.34937e+18 -1.35818e+17
-4.37597e+18 -1.36651e+17
-4.40257e+18 -1.37484e+17
-4.42917e+18 -1.38317e+17
-4.45577e+18 -1.39151e+17
-4.48237e+18 -1.39984e+17
-4.50898e+18 -1.40817e+17
-4.53558e+18 -1.4165e+17
-4.56218e+18 -1.42484e+17
-4.58878e+18 -1.43317e+17
-4.61538e+18 -1.4415e+17
-4.64198e+18 -1.44983e+17
-4.66858e+18 -1.45817e+17
-4.69518e+18 -1.4665e+17
-4.72179e+18 -1.47483e+17
-4.74839e+18 -1.48316e+17
-4.77499e+18 -1.4915e+17
-4.80159e+18 -1.49983e+17
-4.82819e+18 -1.50816e+17
-4.85479e+18 -1.51649e+17
-4.88139e+18 -1.52483e+17
-4.908e+18 -1.53316e+17
-4.9346e+18 -1.54149e+17
-4.9612e+18 -1.54982e+17
-4.9878e+18 -1.55815e+17
-5.0144e+18 -1.56649e+17
-5.041e+18 -1.57482e+17
-5.0676e+18 -1.58315e+17
-5.09421e+18 -1.59148e+17
-5.12081e+18 -1.59982e+17
-5.14741e+18 -1.60815e+17
-5.17401e+18 -1.61648e+17
-5.20061e+18 -1.62481e+17
-5.22721e+18 -1.63315e+17
-5.25381e+18 -1.64148e+17
-5.28042e+18 -1.64981e+17
-5.30702e+18 -1.65814e+17
-5.33362e+18 -1.66648e+17
-5.36022e+18 -1.67481e+17
-5.38682e+18 -1.68314e+17
-5.41342e+18 -1.69147e+17
-5.44002e+18 -1.69981e+17
-5.46663e+18 -1.70814e+17
-5.49323e+18 -1.71647e+17
-5.51983e+18 -1.7248e+17
-5.54643e+18 -1.73313e+17
-5.57303e+18 -1.74147e+17
-5.59963e+18 -1.7498e+17
-5.62623e+18 -1.75813e+17
-5.65284e+18 -1.76646e+17
-5.67944e+18 -1.7748e+17
-5.70604e+18 -1.78313e+17
-5.73264e+18 -1.79146e+17
-5.75924e+18 -1.79979e+17
-5.78584e+18 -1.80813e+17
-5.81244e+18 -1.81646e+17
-5.83904e+18 -1.82479e+17
-5.86565e+18 -1.83312e+17
-5.89225e+18 -1.84146e+17
-5.91885e+18 -1.84979e+17
-5.94545e+18 -1.85812e+17
-5.97205e+18 -1.86645e+17
-5.99865e+18 -1.87479e+17
-6.02525e+18 -1.88312e+17
-6.05186e+18 -1.89145e+17
-6.07846e+18 -1.89978e+17
-6.10506e+18 -1.90811e+17
-6.13166e+18 -1.91645e+17
-6.15826e+18 -1.92478e+17
-6.18486e+18 -1.93311e+17
-6.21146e+18 -1.94144e+17
-6.23807e+18 -1.94978e+17
-6.26467e+18 -1.95811e+17
-6.29127e+18 -1.96644e+17
-6.31787e+18 -1.97477e+17
-6.34447e+18 -1.98311e+17
-6.37107e+18 -1.99144e+17
-6.39767e+18 -1.99977e+17
-6.42428e+18 -2.0081e+17
-6.45088e+18 -2.01644e+17
-6.47748e+18 -2.02477e+17
-6.50408e+18 -2.0331e+17
-6.53068e+18 -2.04143e+17
-6.55728e+18 -2.04977e+17
-6.58388e+18 -2.0581e+17
-6.61049e+18 -2.06643e+17
-6.63709e+18 -2.07476e+17
-6.66369e+18 -2.08309e+17
-6.69029e+18 -2.09143e+17
-6.71689e+18 -2.09976e+17
-6.74349e+18 -2.10809e+17
-6.77009e+18 -2.11642e+17
-6.79669e+18 -2.12476e+17
-6.8233e+18 -2.13309e+17
-6.8499e+18 -2.14142e+17
-6.8765e+18 -2.14975e+17
-6.9031e+18 -2.15809e+17
-6.9297e+18 -2.16642e+17
-6.9563e+18 -2.17475e+17
-6.9829e+18 -2.18308e+17
-7.00951e+18 -2.19142e+17
-7.03611e+18 -2.19975e+17
-7.06271e+18 -2.20808e+17
-7.08931e+18 -2.21641e+17
-7.11591e+18 -2.22474e+17
-7.14251e+18 -2.23308e+17
-7.16911e+18 -2.24141e+17
-7.19572e+18 -2.24974e+17
-7.22232e+18 -2.25807e+17
-7.24892e+18 -2.26641e+17
-7.27552e+18 -2.27474e+17
-7.30212e+18 -2.28307e+17
-7.32872e+18 -2.2914e+17
-7.35532e+18 -2.29974e+17
-7.38193e+18 -2.30807e+17
-7.40853e+18 -2.3164e+17
-7.43513e+18 -2.32473e+17
-7.46173e+18 -2.33307e+17
-7.48833e+18 -2.3414e+17
-7.51493e+18 -2.34973e+17
-7.54153e+18 -2.35806e+17
-7.56814e+18 -2.3664e+17
-7.59474e+18 -2.37473e+17
-7.62134e+18 -2.38306e+17
-7.64794e+18 -2.39139e+17
-7.67454e+18 -2.39972e+17
-7.70114e+18 -2.40806e+17
-7.72774e+18 -2.41639e+17
-7.75434e+18 -2.42472e+17
-7.78095e+18 -2.43305e+17
-7.80755e+18 -2.44139e+17
-7.83415e+18 -2.44972e+17
-7.86075e+18 -2.45805e+17
-7.88735e+18 -2.46638e+17
-7.91395e+18 -2.47472e+17
-7.94055e+18 -2.48305e+17
-7.96716e+18 -2.49138e+17
-7.99376e+18 -2.49971e+17
-8.02036e+18 -2.50805e+17
-8.04696e+18 -2.51638e+17
-8.07356e+18 -2.52471e+17
-8.10016e+18 -2.53304e+17
-8.12676e+18 -2.54138e+17
-8.15337e+18 -2.54971e+17
-8.17997e+18 -2.55804e+17
-8.20657e+18 -2.56637e+17
-8.23317e+18 -2.5747e+17
-8.25977e+18 -2.58304e+17
-8.28637e+18 -2.59137e+17
-8.31297e+18 -2.5997e+17
-8.33958e+18 -2.60803e+17
-8.36618e+18 -2.61637e+17
-8.39278e+18 -2.6247e+17
-8.41938e+18 -2.63303e+17
-8.44598e+18 -2.64136e+17
-8.47258e+18 -2.6497e+17
-8.49918e+18 -2.65803e+17
-8.52579e+18 -2.66636e+17
-8.55239e+18 -2.67469e+17
-8.57899e+18 -2.68303e+17
-8.60559e+18 -2.69136e+17
-8.63219e+18 -2.69969e+17
-8.65879e+18 -2.70802e+17
-8.68539e+18 -2.71636e+17
-8.712e+18 -2.72469e+17
-8.7386e+18 -2.73302e+17
-8.7652e+18 -2.74135e+17
-8.7918e+18 -2.74968e+17
-8.8184e+18 -2.75802e+17
-8.845e+18 -2.76635e+17
-8.8716e+18 -2.77468e+17
-8.8982e+18 -2.78301e+17
-8.92481e+18 -2.79135e+17
-8.95141e+18 -2.79968e+17
-8.97801e+18 -2.80801e+17
-9.00461e+18 -2.81634e+17
-9.03121e+18 -2.82468e+17
-9.05781e+18 -2.83301e+17
-9.08441e+18 -2.84134e+17
-9.11102e+18 -2.84967e+17
-9.13762e+18 -2.85801e+17
-9.16422e+18 -2.86634e+17
-9.19082e+18 -2.87467e+17
-9.21742e+18 -2.883e+17
-9.24402e+18 -2.89134e+17
-9.27062e+18 -2.89967e+17
-9.29723e+18 -2.908e+17
-9.32383e+18 -2.91633e+17
-9.35043e+18 -2.92466e+17
-9.37703e+18 -2.933e+17
-9.40363e+18 -2.94133e+17
-9.43023e+18 -2.94966e+17
-9.45683e+18 -2.95799e+17
-9.48344e+18 -2.96633e+17
-9.51004e+18 -2.97466e+17
-9.53664e+18 -2.98299e+17
-9.56324e+18 -2.99132e+17
-9.58984e+18 -2.99966e+17
-9.61644e+18 -3.00799e+17
-9.64304e+18 -3.01632e+17
-9.66965e+18 -3.02465e+17
-9.69625e+18 -3.03299e+17
-9.72285e+18 -3.04132e+17
-9.74945e+18 -3.04965e+17
-9.77605e+18 -3.05798e+17
-9.80265e+18 -3.06632e+17
-9.82925e+18 -3.07465e+17
-9.85585e+18 -3.08298e+17
-9.88246e+18 -3.09131e+17
-9.90906e+18 -3.09964e+17
-9.93566e+18 -3.10798e+17
-9.96226e+18 -3.11631e+17
-9.98886e+18 -3.12464e+17
-1.00155e+19 -3.13297e+17
-1.00421e+19 -3.14131e+17
-1.00687e+19 -3.14964e+17
-1.00953e+19 -3.15797e+17
-1.01219e+19 -3.1663e+17
-1.01485e+19 -3.17464e+17
-1.01751e+19 -3.18297e+17
-1.02017e+19 -3.1913e+17
-1.02283e+19 -3.19963e+17
-1.02549e+19 -3.20797e+17
-1.02815e+19 -3.2163e+17
-1.03081e+19 -3.22463e+17
-1.03347e+19 -3.23296e+17
-1.03613e+19 -3.2413e+17
-1.03879e+19 -3.24963e+17
-1.04145e+19 -3.25796e+17
-1.04411e+19 -3.26629e+17
-1.04677e+19 -3.27462e+17
-1.04943e+19 -3.28296e+17
-1.05209e+19 -3.29129e+17
-1.05475e+19 -3.29962e+17
-1.05741e+19 -3.30795e+17
-1.06007e+19 -3.31629e+17
-1.06273e+19 -3.32462e+17
-1.06539e+19 -3.33295e+17
-1.06805e+19 -3.34128e+17
-1.07071e+19 -3.34962e+17
-1.07337e+19 -3.35795e+17
-1.07603e+19 -3.36628e+17
-1.07869e+19 -3.37461e+17
-1.08135e+19 -3.38295e+17
-1.08401e+19 -3.39128e+17
-1.08667e+19 -3.39961e+17
-1.08933e+19 -3.40794e+17
-1.09199e+19 -3.41628e+17
-1.09465e+19 -3.42461e+17
-1.09731e+19 -3.43294e+17
-1.09997e+19 -3.44127e+17
-1.10263e+19 -3.4496e+17
-1.10529e+19 -3.45794e+17
-1.10795e+19 -3.46627e+17
-1.11061e+19 -3.4746e+17
-1.11327e+19 -3.48293e+17
-1.11593e+19 -3.49127e+17
-1.11859e+19 -3.4996e+17
-1.12125e+19 -3.50793e+17
-1.12391e+19 -3.51626e+17
-1.12657e+19 -3.5246e+17
-1.12923e+19 -3.53293e+17
-1.13189e+19 -3.54126e+17
-1.13455e+19 -3.54959e+17
-1.13721e+19 -3.55793e+17
-1.13987e+19 -3.56626e+17
-1.14253e+19 -3.57459e+17
-1.14519e+19 -3.58292e+17
-1.14785e+19 -3.59125e+17
-1.15051e+19 -3.59959e+17
-1.15317e+19 -3.60792e+17
-1.15583e+19 -3.61625e+17
-1.15849e+19 -3.62458e+17
-1.16115e+19 -3.63292e+17
-1.16381e+19 -3.64125e+17
-1.16647e+19 -3.64958e+17
-1.16914e+19 -3.65791e+17
-1.1718e+19 -3.66625e+17
-1.17446e+19 -3.67458e+17
-1.17712e+19 -3.68291e+17
-1.17978e+19 -3.69124e+17
-1.18244e+19 -3.69958e+17
-1.1851e+19 -3.70791e+17
-1.18776e+19 -3.71624e+17
-1.19042e+19 -3.72457e+17
-1.19308e+19 -3.73291e+17
-1.19574e+19 -3.74124e+17
-1.1984e+19 -3.74957e+17
-1.20106e+19 -3.7579e+17
-1.20372e+19 -3.76623e+17
-1.20638e+19 -3.77457e+17
-1.20904e+19 -3.7829e+17
-1.2117e+19 -3.79123e+17
-1.21436e+19 -3.79956e+17
-1.21702e+19 -3.8079e+17
-1.21968e+19 -3.81623e+17
-1.22234e+19 -3.82456e+17
-1.225e+19 -3.83289e+17
-1.22766e+19 -3.84123e+17
-1.23032e+19 -3.84956e+17
-1.23298e+19 -3.85789e+17
-1.23564e+19 -3.86622e+17
-1.2383e+19 -3.87456e+17
-1.24096e+19 -3.88289e+17
-1.24362e+19 -3.89122e+17
-1.24628e+19 -3.89955e+17
-1.24894e+19 -3.90789e+17
-1.2516e+19 -3.91622e+17
-1.25426e+19 -3.92455e+17
-1.25692e+19 -3.93288e+17
-1.25958e+19 -3.94121e+17
-1.26224e+19 -3.94955e+17
-1.2649e+19 -3.95788e+17
-1.26756e+19 -3.96621e+17
-1.27022e+19 -3.97454e+17
-1.27288e+19 -3.98288e+17
-1.27554e+19 -3.99121e+17
-1.2782e+19 -3.99954e+17
-1.28086e+19 -4.00787e+17
-1.28352e+19 -4.01621e+17
-1.28618e+19 -4.02454e+17
-1.28884e+19 -4.03287e+17
-1.2915e+19 -4.0412e+17
-1.29416e+19 -4.04954e+17
-1.29682e+19 -4.05787e+17
-1.29948e+19 -4.0662e+17
-1.30214e+19 -4.07453e+17
-1.3048e+19 -4.08287e+17
-1.30746e+19 -4.0912e+17
-1.31012e+19 -4.09953e+17
-1.31278e+19 -4.10786e+17
-1.31544e+19 -4.11619e+17
-1.3181e+19 -4.12453e+17
-1.32076e+19 -4.13286e+17
-1.32342e+19 -4.14119e+17
-1.32608e+19 -4.14952e+17
-1.32874e+19 -4.15786e+17
-1.3314e+19 -4.16619e+17
-1.33406e+19 -4.17452e+17
-1.33672e+19 -4.18285e+17
-1.33938e+19 -4.19119e+17
-1.34204e+19 -4.19952e+17
-1.3447e+19 -4.20785e+17
-1.34736e+19 -4.21618e+17
-1.35002e+19 -4.22452e+17
-1.35268e+19 -4.23285e+17
-1.35534e+19 -4.24118e+17
-1.358e+19 -4.24951e+17
-1.36067e+19 -4.25785e+17
-1.36333e+19 -4.26618e+17
-1.36599e+19 -4.27451e+17
-1.36865e+19 -4.28284e+17
-1.37131e+19 -4.29117e+17
-1.37397e+19 -4.29951e+17
-1.37663e+19 -4.30784e+17
-1.37929e+19 -4.31617e+17
-1.38195e+19 -4.3245e+17
-1.38461e+19 -4.33284e+17
-1.38727e+19 -4.34117e+17
-1.38993e+19 -4.3495e+17
-1.39259e+19 -4.35783e+17
-1.39525e+19 -4.36617e+17
-1.39791e+19 -4.3745e+17
-1.40057e+19 -4.38283e+17
-1.40323e+19 -4.39116e+17
-1.40589e+19 -4.3995e+17
-1.40855e+19 -4.40783e+17
-1.41121e+19 -4.41616e+17
-1.41387e+19 -4.42449e+17
-1.41653e+19 -4.43283e+17
-1.41919e+19 -4.44116e+17
-1.42185e+19 -4.44949e+17
-1.42451e+19 -4.45782e+17
-1.42717e+19 -4.46615e+17
-1.42983e+19 -4.47449e+17
-1.43249e+19 -4.48282e+17
-1.43515e+19 -4.49115e+17
-1.43781e+19 -4.49948e+17
-1.44047e+19 -4.50782e+17
-1.44313e+19 -4.51615e+17
-1.44579e+19 -4.52448e+17
-1.44845e+19 -4.53281e+17
-1.45111e+19 -4.54115e+17
-1.45377e+19 -4.54948e+17
-1.45643e+19 -4.55781e+17
-1.45909e+19 -4.56614e+17
-1.46175e+19 -4.57448e+17
-1.46441e+19 -4.58281e+17
-1.46707e+19 -4.59114e+17
-1.46973e+19 -4.59947e+17
-1.47239e+19 -4.60781e+17
-1.47505e+19 -4.61614e+17
-1.47771e+19 -4.62447e+17
-1.48037e+19 -4.6328e+17
-1.48303e+19 -4.64113e+17
-1.48569e+19 -4.64947e+17
-1.48835e+19 -4.6578e+17
-1.49101e+19 -4.66613e+17
-1.49367e+19 -4.67446e+17
-1.49633e+19 -4.6828e+17
-1.49899e+19 -4.69113e+17
-1.50165e+19 -4.69946e+17
-1.50431e+19 -4.70779e+17
-1.50697e+19 -4.71613e+17
-1.50963e+19 -4.72446e+17
-1.51229e+19 -4.73279e+17
-1.51495e+19 -4.74112e+17
-1.51761e+19 -4.74946e+17
-1.52027e+19 -4.75779e+17
-1.52293e+19 -4.76612e+17
-1.52559e+19 -4.77445e+17
-1.52825e+19 -4.78279e+17
-1.53091e+19 -4.79112e+17
-1.53357e+19 -4.79945e+17
-1.53623e+19 -4.80778e+17
-1.53889e+19 -4.81611e+17
-1.54155e+19 -4.82445e+17
-1.54421e+19 -4.83278e+17
-1.54687e+19 -4.84111e+17
-1.54953e+19 -4.84944e+17
-1.5522e+19 -4.85778e+17
-1.55486e+19 -4.86611e+17
-1.55752e+19 -4.87444e+17
-1.56018e+19 -4.88277e+17
-1.56284e+19 -4.89111e+17
-1.5655e+19 -4.89944e+17
-1.56816e+19 -4.90777e+17
-1.57082e+19 -4.9161e+17
-1.57348e+19 -4.92444e+17
-1.57614e+19 -4.93277e+17
-1.5788e+19 -4.9411e+17
-1.58146e+19 -4.94943e+17
-1.58412e+19 -4.95777e+17
-1.58678e+19 -4.9661e+17
-1.58944e+19 -4.97443e+17
-1.5921e+19 -4.98276e+17
-1.59476e+19 -4.99109e+17
-1.59742e+19 -4.99943e+17
-1.60008e+19 -5.00776e+17
-1.60274e+19 -5.01609e+17
-1.6054e+19 -5.02442e+17
-1.60806e+19 -5.03276e+17
-1.61072e+19 -5.04109e+17
-1.61338e+19 -5.04942e+17
-1.61604e+19 -5.05775e+17
-1.6187e+19 -5.06609e+17
-1.62136e+19 -5.07442e+17
-1.62402e+19 -5.08275e+17
-1.62668e+19 -5.09108e+17
-1.62934e+19 -5.09942e+17
-1.632e+19 -5.10775e+17
-1.63466e+19 -5.11608e+17
-1.63732e+19 -5.12441e+17
-1.63998e+19 -5.13274e+17
-1.64264e+19 -5.14108e+17
-1.6453e+19 -5.14941e+17
-1.64796e+19 -5.15774e+17
-1.65062e+19 -5.16607e+17
-1.65328e+19 -5.17441e+17
-1.65594e+19 -5.18274e+17
-1.6586e+19 -5.19107e+17
-1.66126e+19 -5.1994e+17
-1.66392e+19 -5.20774e+17
-1.66658e+19 -5.21607e+17
-1.66924e+19 -5.2244e+17
-1.6719e+19 -5.23273e+17
-1.67456e+19 -5.24107e+17
-1.67722e+19 -5.2494e+17
-1.67988e+19 -5.25773e+17
-1.68254e+19 -5.26606e+17
-1.6852e+19 -5.2744e+17
-1.68786e+19 -5.28273e+17
-1.69052e+19 -5.29106e+17
-1.69318e+19 -5.29939e+17
-1.69584e+19 -5.30772e+17
-1.6985e+19 -5.31606e+17
-1.70116e+19 -5.32439e+17
-1.70382e+19 -5.33272e+17
-1.70648e+19 -5.34105e+17
-1.70914e+19 -5.34939e+17
-1.7118e+19 -5.35772e+17
-1.71446e+19 -5.36605e+17
-1.71712e+19 -5.37438e+17
-1.71978e+19 -5.38272e+17
-1.72244e+19 -5.39105e+17
-1.7251e+19 -5.39938e+17
-1.72776e+19 -5.40771e+17
-1.73042e+19 -5.41605e+17
-1.73308e+19 -5.42438e+17
-1.73574e+19 -5.43271e+17
-1.7384e+19 -5.44104e+17
-1.74107e+19 -5.44938e+17
-1.74373e+19 -5.45771e+17
-1.74639e+19 -5.46604e+17
-1.74905e+19 -5.47437e+17
-1.75171e+19 -5.4827e+17
-1.75437e+19 -5.49104e+17
-1.75703e+19 -5.49937e+17
-1.75969e+19 -5.5077e+17
-1.76235e+19 -5.51603e+17
-1.76501e+19 -5.52437e+17
-1.76767e+19 -5.5327e+17
-1.77033e+19 -5.54103e+17
-1.77299e+19 -5.54936e+17
-1.77565e+19 -5.5577e+17
-1.77831e+19 -5.56603e+17
-1.78097e+19 -5.57436e+17
-1.78363e+19 -5.58269e+17
-1.78629e+19 -5.59103e+17
-1.78895e+19 -5.59936e+17
-1.79161e+19 -5.60769e+17
-1.79427e+19 -5.61602e+17
-1.79693e+19 -5.62436e+17
-1.79959e+19 -5.63269e+17
-1.80225e+19 -5.64102e+17
-1.80491e+19 -5.64935e+17
-1.80757e+19 -5.65768e+17
-1.81023e+19 -5.66602e+17
-1.81289e+19 -5.67435e+17
-1.81555e+19 -5.68268e+17
-1.81821e+19 -5.69101e+17
-1.82087e+19 -5.69935e+17
-1.82353e+19 -5.70768e+17
-1.82619e+19 -5.71601e+17
-1.82885e+19 -5.72434e+17
-1.83151e+19 -5.73268e+17
-1.83417e+19 -5.74101e+17
-1.83683e+19 -5.74934e+17
-1.83949e+19 -5.75767e+17
-1.84215e+19 -5.76601e+17
-1.84481e+19 -5.77434e+17
-1.84747e+19 -5.78267e+17
-1.85013e+19 -5.791e+17
-1.85279e+19 -5.79934e+17
-1.85545e+19 -5.80767e+17
-1.85811e+19 -5.816e+17
-1.86077e+19 -5.82433e+17
-1.86343e+19 -5.83266e+17
-1.86609e+19 -5.841e+17
-1.86875e+19 -5.84933e+17
-1.87141e+19 -5.85766e+17
-1.87407e+19 -5.86599e+17
-1.87673e+19 -5.87433e+17
-1.87939e+19 -5.88266e+17
-1.88205e+19 -5.89099e+17
-1.88471e+19 -5.89932e+17
-1.88737e+19 -5.90766e+17
-1.89003e+19 -5.91599e+17
-1.89269e+19 -5.92432e+17
-1.89535e+19 -5.93265e+17
-1.89801e+19 -5.94099e+17
-1.90067e+19 -5.94932e+17
-1.90333e+19 -5.95765e+17
-1.90599e+19 -5.96598e+17
-1.90865e+19 -5.97432e+17
-1.91131e+19 -5.98265e+17
-1.91397e+19 -5.99098e+17
-1.91663e+19 -5.99931e+17
-1.91929e+19 -6.00764e+17
-1.92195e+19 -6.01598e+17
-1.92461e+19 -6.02431e+17
-1.92727e+19 -6.03264e+17
-1.92993e+19 -6.04097e+17
-1.9326e+19 -6.04931e+17
-1.93526e+19 -6.05764e+17
-1.93792e+19 -6.06597e+17
-1.94058e+19 -6.0743e+17
-1.94324e+19 -6.08264e+17
-1.9459e+19 -6.09097e+17
-1.94856e+19 -6.0993e+17
-1.95122e+19 -6.10763e+17
-1.95388e+19 -6.11597e+17
-1.95654e+19 -6.1243e+17
-1.9592e+19 -6.13263e+17
-1.96186e+19 -6.14096e+17
-1.96452e+19 -6.1493e+17
-1.96718e+19 -6.15763e+17
-1.96984e+19 -6.16596e+17
-1.9725e+19 -6.17429e+17
-1.97516e+19 -6.18262e+17
-1.97782e+19 -6.19096e+17
-1.98048e+19 -6.19929e+17
-1.98314e+19 -6.20762e+17
-1.9858e+19 -6.21595e+17
-1.98846e+19 -6.22429e+17
-1.99112e+19 -6.23262e+17
-1.99378e+19 -6.24095e+17
-1.99644e+19 -6.24928e+17
-1.9991e+19 -6.25762e+17
-2.00176e+19 -6.26595e+17
-2.00442e+19 -6.27428e+17
-2.00708e+19 -6.28261e+17
-2.00974e+19 -6.29095e+17
-2.0124e+19 -6.29928e+17
-2.01506e+19 -6.30761e+17
-2.01772e+19 -6.31594e+17
-2.02038e+19 -6.32428e+17
-2.02304e+19 -6.33261e+17
-2.0257e+19 -6.34094e+17
-2.02836e+19 -6.34927e+17
-2.03102e+19 -6.3576e+17
-2.03368e+19 -6.36594e+17
-2.03634e+19 -6.37427e+17
-2.039e+19 -6.3826e+17
-2.04166e+19 -6.39093e+17
-2.04432e+19 -6.39927e+17
-2.04698e+19 -6.4076e+17
-2.04964e+19 -6.41593e+17
-2.0523e+19 -6.42426e+17
-2.05496e+19 -6.4326e+17
-2.05762e+19 -6.44093e+17
-2.06028e+19 -6.44926e+17
-2.06294e+19 -6.45759e+17
-2.0656e+19 -6.46593e+17
-2.06826e+19 -6.47426e+17
-2.07092e+19 -6.48259e+17
-2.07358e+19 -6.49092e+17
-2.07624e+19 -6.49925e+17
-2.0789e+19 -6.50759e+17
-2.08156e+19 -6.51592e+17
-2.08422e+19 -6.52425e+17
-2.08688e+19 -6.53258e+17
-2.08954e+19 -6.54092e+17
-2.0922e+19 -6.54925e+17
-2.09486e+19 -6.55758e+17
-2.09752e+19 -6.56591e+17
-2.10018e+19 -6.57425e+17
-2.10284e+19 -6.58258e+17
-2.1055e+19 -6.59091e+17
-2.10816e+19 -6.59924e+17
-2.11082e+19 -6.60758e+17
-2.11348e+19 -6.61591e+17
-2.11614e+19 -6.62424e+17
-2.1188e+19 -6.63257e+17
-2.12146e+19 -6.64091e+17
-2.12413e+19 -6.64924e+17
-2.12679e+19 -6.65757e+17
-2.12945e+19 -6.6659e+17
-2.13211e+19 -6.67423e+17
-2.13477e+19 -6.68257e+17
-2.13743e+19 -6.6909e+17
-2.14009e+19 -6.69923e+17
-2.14275e+19 -6.70756e+17
-2.14541e+19 -6.7159e+17
-2.14807e+19 -6.72423e+17
-2.15073e+19 -6.73256e+17
-2.15339e+19 -6.74089e+17
-2.15605e+19 -6.74923e+17
-2.15871e+19 -6.75756e+17
-2.16137e+19 -6.76589e+17
-2.16403e+19 -6.77422e+17
-2.16669e+19 -6.78256e+17
-2.16935e+19 -6.79089e+17
-2.17201e+19 -6.79922e+17
-2.17467e+19 -6.80755e+17
-2.17733e+19 -6.81589e+17
-2.17999e+19 -6.82422e+17
-2.18265e+19 -6.83255e+17
-2.18531e+19 -6.84088e+17
-2.18797e+19 -6.84921e+17
-2.19063e+19 -6.85755e+17
-2.19329e+19 -6.86588e+17
-2.19595e+19 -6.87421e+17
-2.19861e+19 -6.88254e+17
-2.20127e+19 -6.89088e+17
-2.20393e+19 -6.89921e+17
-2.20659e+19 -6.90754e+17
-2.20925e+19 -6.91587e+17
-2.21191e+19 -6.92421e+17
-2.21457e+19 -6.93254e+17
-2.21723e+19 -6.94087e+17
-2.21989e+19 -6.9492e+17
-2.22255e+19 -6.95754e+17
-2.22521e+19 -6.96587e+17
-2.22787e+19 -6.9742e+17
-2.23053e+19 -6.98253e+17
-2.23319e+19 -6.99087e+17
-2.23585e+19 -6.9992e+17
-2.23851e+19 -7.00753e+17
-2.24117e+19 -7.01586e+17
-2.24383e+19 -7.02419e+17
-2.24649e+19 -7.03253e+17
-2.24915e+19 -7.04086e+17
-2.25181e+19 -7.04919e+17
-2.25447e+19 -7.05752e+17
-2.25713e+19 -7.06586e+17
-2.25979e+19 -7.07419e+17
-2.26245e+19 -7.08252e+17
-2.26511e+19 -7.09085e+17
-2.26777e+19 -7.09919e+17
-2.27043e+19 -7.10752e+17
-2.27309e+19 -7.11585e+17
-2.27575e+19 -7.12418e+17
-2.27841e+19 -7.13252e+17
-2.28107e+19 -7.14085e+17
-2.28373e+19 -7.14918e+17
-2.28639e+19 -7.15751e+17
-2.28905e+19 -7.16585e+17
-2.29171e+19 -7.17418e+17
-2.29437e+19 -7.18251e+17
-2.29703e+19 -7.19084e+17
-2.29969e+19 -7.19917e+17
-2.30235e+19 -7.20751e+17
-2.30501e+19 -7.21584e+17
-2.30767e+19 -7.22417e+17
-2.31033e+19 -7.2325e+17
-2.31299e+19 -7.24084e+17
-2.31566e+19 -7.24917e+17
-2.31832e+19 -7.2575e+17
-2.32098e+19 -7.26583e+17
-2.32364e+19 -7.27417e+17
-2.3263e+19 -7.2825e+17
-2.32896e+19 -7.29083e+17
-2.33162e+19 -7.29916e+17
-2.33428e+19 -7.3075e+17
-2.33694e+19 -7.31583e+17
-2.3396e+19 -7.32416e+17
-2.34226e+19 -7.33249e+17
-2.34492e+19 -7.34083e+17
-2.34758e+19 -7.34916e+17
-2.35024e+19 -7.35749e+17
-2.3529e+19 -7.36582e+17
-2.35556e+19 -7.37415e+17
-2.35822e+19 -7.38249e+17
-2.36088e+19 -7.39082e+17
-2.36354e+19 -7.39915e+17
-2.3662e+19 -7.40748e+17
-2.36886e+19 -7.41582e+17
-2.37152e+19 -7.42415e+17
-2.37418e+19 -7.43248e+17
-2.37684e+19 -7.44081e+17
-2.3795e+19 -7.44915e+17
-2.38216e+19 -7.45748e+17
-2.38482e+19 -7.46581e+17
-2.38748e+19 -7.47414e+17
-2.39014e+19 -7.48248e+17
-2.3928e+19 -7.49081e+17
-2.39546e+19 -7.49914e+17
-2.39812e+19 -7.50747e+17
-2.40078e+19 -7.51581e+17
-2.40344e+19 -7.52414e+17
-2.4061e+19 -7.53247e+17
-2.40876e+19 -7.5408e+17
-2.41142e+19 -7.54913e+17
-2.41408e+19 -7.55747e+17
-2.41674e+19 -7.5658e+17
-2.4194e+19 -7.57413e+17
-2.42206e+19 -7.58246e+17
-2.42472e+19 -7.5908e+17
-2.42738e+19 -7.59913e+17
-2.43004e+19 -7.60746e+17
-2.4327e+19 -7.61579e+17
-2.43536e+19 -7.62413e+17
-2.43802e+19 -7.63246e+17
-2.44068e+19 -7.64079e+17
-2.44334e+19 -7.64912e+17
-2.446e+19 -7.65746e+17
-2.44866e+19 -7.66579e+17
-2.45132e+19 -7.67412e+17
-2.45398e+19 -7.68245e+17
-2.45664e+19 -7.69079e+17
-2.4593e+19 -7.69912e+17
-2.46196e+19 -7.70745e+17
-2.46462e+19 -7.71578e+17
-2.46728e+19 -7.72411e+17
-2.46994e+19 -7.73245e+17
-2.4726e+19 -7.74078e+17
-2.47526e+19 -7.74911e+17
-2.47792e+19 -7.75744e+17
-2.48058e+19 -7.76578e+17
-2.48324e+19 -7.77411e+17
-2.4859e+19 -7.78244e+17
-2.48856e+19 -7.79077e+17
-2.49122e+19 -7.79911e+17
-2.49388e+19 -7.80744e+17
-2.49654e+19 -7.81577e+17
-2.4992e+19 -7.8241e+17
-2.50186e+19 -7.83244e+17
-2.50452e+19 -7.84077e+17
-2.50719e+19 -7.8491e+17
-2.50985e+19 -7.85743e+17
-2.51251e+19 -7.86576e+17
-2.51517e+19 -7.8741e+17
-2.51783e+19 -7.88243e+17
-2.52049e+19 -7.89076e+17
-2.52315e+19 -7.89909e+17
-2.52581e+19 -7.90743e+17
-2.52847e+19 -7.91576e+17
-2.53113e+19 -7.92409e+17
-2.53379e+19 -7.93242e+17
-2.53645e+19 -7.94076e+17
-2.53911e+19 -7.94909e+17
-2.54177e+19 -7.95742e+17
-2.54443e+19 -7.96575e+17
-2.54709e+19 -7.97409e+17
-2.54975e+19 -7.98242e+17
-2.55241e+19 -7.99075e+17
-2.55507e+19 -7.99908e+17
-2.55773e+19 -8.00742e+17
-2.56039e+19 -8.01575e+17
-2.56305e+19 -8.02408e+17
-2.56571e+19 -8.03241e+17
-2.56837e+19 -8.04074e+17
-2.57103e+19 -8.04908e+17
-2.57369e+19 -8.05741e+17
-2.57635e+19 -8.06574e+17
-2.57901e+19 -8.07407e+17
-2.58167e+19 -8.08241e+17
-2.58433e+19 -8.09074e+17
-2.58699e+19 -8.09907e+17
-2.58965e+19 -8.1074e+17
-2.59231e+19 -8.11574e+17
-2.59497e+19 -8.12407e+17
-2.59763e+19 -8.1324e+17
-2.60029e+19 -8.14073e+17
-2.60295e+19 -8.14907e+17
-2.60561e+19 -8.1574e+17
-2.60827e+19 -8.16573e+17
-2.61093e+19 -8.17406e+17
-2.61359e+19 -8.1824e+17
-2.61625e+19 -8.19073e+17
-2.61891e+19 -8.19906e+17
-2.62157e+19 -8.20739e+17
-2.62423e+19 -8.21572e+17
-2.62689e+19 -8.22406e+17
-2.62955e+19 -8.23239e+17
-2.63221e+19 -8.24072e+17
-2.63487e+19 -8.24905e+17
-2.63753e+19 -8.25739e+17
-2.64019e+19 -8.26572e+17
-2.64285e+19 -8.27405e+17
-2.64551e+19 -8.28238e+17
-2.64817e+19 -8.29072e+17
-2.65083e+19 -8.29905e+17
-2.65349e+19 -8.30738e+17
