0.0 0.0 0.0
0.0224563790696782 0.002843017827183054 -0.001827795214736781
-0.008777974166625768 0.0181654815220684 0.0007557742028855397
-0.008431469726493238 0.01507942672762176 -3.093165500151268e-07
0.0008738271927507076 0.01518525018125073 0.0002967526481534713
0.006510068372124932 -0.003312580956729396 -0.0001319016301447958
0.005209634708272633 0.0008618660614545262 -0.0002220889166259389
-0.002004958657177143 0.003210296533573582 3.77573844938566e-05
0.0007943686222919619 0.003049537942924374 -8.156204038080675e-05
0.003011578987135178 0.0004134235585289092 -0.0009180569093680153
