0.05 0.00588464
0.1 0.0120307
0.15 0.0184106
0.2 0.0249949
0.25 0.0317529
0.3 0.0386527
0.35 0.0456613
0.4 0.0527449
0.45 0.0598695
0.5 0.0670005
0.55 0.0741034
0.6 0.0811441
0.65 0.0880888
0.7 0.0949045
0.75 0.101559
0.8 0.108022
0.85 0.114263
0.9 0.120255
0.95 0.125971
1 0.131388
1.05 0.136483
1.1 0.141236
1.15 0.145629
1.2 0.149648
1.25 0.153279
1.3 0.156511
1.35 0.159337
1.4 0.161752
1.45 0.163752
1.5 0.165336
1.55 0.166507
1.6 0.167268
1.65 0.167626
1.7 0.167588
1.75 0.167165
1.8 0.166369
1.85 0.165214
1.9 0.163714
1.95 0.161886
2 0.159748
2.05 0.157319
2.1 0.154618
2.15 0.151665
2.2 0.148481
2.25 0.145087
2.3 0.141504
2.35 0.137754
2.4 0.133859
2.45 0.129838
2.5 0.125714
2.55 0.121505
2.6 0.117231
2.65 0.112913
2.7 0.108567
2.75 0.10421
2.8 0.0998606
2.85 0.0955325
2.9 0.0912406
2.95 0.0869984
3 0.082818
3.05 0.0787108
3.1 0.074687
3.15 0.0707556
3.2 0.0669247
3.25 0.0632013
3.3 0.0595915
3.35 0.0561002
3.4 0.0527314
3.45 0.0494885
3.5 0.0463737
3.55 0.0433885
3.6 0.0405338
3.65 0.0378096
3.7 0.0352153
3.75 0.0327498
3.8 0.0304114
3.85 0.0281979
3.9 0.0261068
3.95 0.024135
4 0.0222793
4.05 0.0205362
4.1 0.0189017
4.15 0.017372
4.2 0.0159429
4.25 0.0146102
4.3 0.0133696
4.35 0.0122167
4.4 0.0111472
4.45 0.0101568
4.5 0.00924117
4.55 0.00839612
4.6 0.00761751
4.65 0.00690131
4.7 0.00624362
4.75 0.00564065
4.8 0.00508874
4.85 0.00458438
4.9 0.00412424
4.95 0.00370509
5 0.0033239
5.05 0.00297778
5.1 0.00266399
5.15 0.00237997
5.2 0.00212328
5.25 0.00189166
5.3 0.00168299
5.35 0.00149527
5.4 0.00132667
5.45 0.00117546
5.5 0.00104006
5.55 0.000918994
5.6 0.000810914
5.65 0.000714569
5.7 0.000628813
5.75 0.000552597
5.8 0.000484959
5.85 0.000425023
5.9 0.00037199
5.95 0.000325134
6 0.000283796
6.05 0.00024738
6.1 0.000215346
6.15 0.000187208
6.2 0.000162528
6.25 0.000140912
6.3 0.000122007
6.35 0.000105497
6.4 9.10989e-05
6.45 7.85607e-05
6.5 6.76577e-05
6.55 5.81902e-05
6.6 4.99807e-05
6.65 4.28723e-05
6.7 3.6726e-05
6.75 3.1419e-05
6.8 2.68432e-05
6.85 2.29034e-05
6.9 1.95159e-05
6.95 1.66074e-05
7 1.41137e-05
7.05 1.19786e-05
7.1 1.01531e-05
7.15 8.59436e-06
7.2 7.26537e-06
7.25 6.13379e-06
7.3 5.17164e-06
7.35 4.35467e-06
7.4 3.66194e-06
7.45 3.07537e-06
7.5 2.57936e-06
7.55 2.16051e-06
7.6 1.80731e-06
7.65 1.50986e-06
7.7 1.25971e-06
7.75 1.04964e-06
7.8 8.73456e-07
7.85 7.25896e-07
7.9 6.02479e-07
7.95 4.99387e-07
8 4.13401e-07
8.05 3.41774e-07
8.1 2.82187e-07
8.15 2.32684e-07
8.2 1.91613e-07
8.25 1.57585e-07
8.3 1.29434e-07
8.35 1.06175e-07
8.4 8.69809e-08
8.45 7.11661e-08
8.5 5.81458e-08
8.55 4.74471e-08
8.6 3.86656e-08
8.65 3.14713e-08
8.7 2.55802e-08
8.75 2.07678e-08
8.8 1.6838e-08
8.85 1.36355e-08
8.9 1.10238e-08
8.95 8.89903e-09
9 7.17808e-09
9.05 5.78534e-09
9.1 4.65717e-09
9.15 3.74272e-09
9.2 3.0097e-09
9.25 2.41269e-09
9.3 1.93272e-09
9.35 1.54862e-09
9.4 1.24471e-09
9.45 9.96048e-10
9.5 7.92329e-10
9.55 6.2878e-10
9.6 4.9955e-10
9.65 4.04811e-10
9.7 3.25224e-10
9.75 2.63883e-10
9.8 2.11174e-10
9.85 1.65871e-10
9.9 1.29186e-10
9.95 1.00641e-10
10 7.9792e-11
10.05 6.41694e-11
10.1 5.05096e-11
10.15 3.96668e-11
10.2 3.63765e-11
10.25 3.05688e-11
10.3 2.60556e-11
10.35 2.11895e-11
10.4 1.97503e-11
10.45 1.72668e-11
10.5 1.89324e-11
10.55 1.70316e-11
10.6 1.69601e-11
10.65 1.93254e-11
10.7 1.5983e-11
10.75 1.61162e-11
10.8 1.05169e-11
10.85 9.33531e-12
10.9 6.48224e-12
10.95 2.63929e-12
11 8.10886e-13
11.05 3.78139e-12
11.1 5.80484e-12
11.15 2.29669e-12
11.2 2.00705e-13
11.25 -1.09383e-12
11.3 -1.5098e-12
11.35 -2.68573e-12
11.4 -1.97736e-12
11.45 -2.69651e-12
11.5 -2.07811e-12
11.55 -3.02907e-12
11.6 -4.80853e-12
11.65 -4.40079e-12
11.7 -4.86661e-12
11.75 -6.67839e-12
11.8 -5.11669e-12
11.85 -1.89482e-12
11.9 -2.33909e-13
11.95 1.10402e-12
12 -9.16393e-13
12.05 9.65043e-13
12.1 4.5817e-12
12.15 7.68539e-12
12.2 9.29949e-12
12.25 7.70773e-12
12.3 6.31751e-12
12.35 4.82325e-12
12.4 5.92492e-12
12.45 5.45774e-12
12.5 7.3779e-12
12.55 1.04985e-11
12.6 7.11709e-12
12.65 4.29019e-12
12.7 2.34689e-12
12.75 2.91915e-12
12.8 3.72769e-12
12.85 2.84496e-12
12.9 1.78689e-12
12.95 -1.33346e-13
13 -1.55821e-12
13.05 -6.11352e-12
13.1 -6.11739e-12
13.15 -2.90008e-12
13.2 -4.04511e-12
13.25 -2.83001e-12
13.3 -1.43699e-12
13.35 -3.60078e-12
13.4 -3.89833e-12
13.45 -3.92214e-12
13.5 4.01955e-13
13.55 3.87993e-12
13.6 -1.28463e-12
13.65 -9.30163e-12
13.7 -1.34137e-11
13.75 -9.90601e-12
13.8 -6.74284e-12
13.85 -3.80529e-12
13.9 -3.34841e-12
13.95 -6.2326e-12
14 -7.22371e-12
14.05 -6.92044e-12
14.1 -3.83176e-12
14.15 -1.80181e-12
14.2 -1.08845e-12
14.25 -1.03275e-12
14.3 6.15582e-13
14.35 7.74507e-13
14.4 -1.0205e-12
14.45 -2.68495e-12
14.5 -5.03194e-12
14.55 -3.89532e-12
14.6 -2.20102e-12
14.65 -1.26058e-12
14.7 3.25277e-14
14.75 -1.48232e-12
14.8 -3.15296e-12
14.85 1.03264e-14
14.9 1.19528e-12
14.95 1.63639e-12
15 1.03724e-12
15.05 -4.12051e-12
15.1 -6.41474e-12
15.15 -4.58889e-12
15.2 2.40867e-12
15.25 5.3152e-12
15.3 2.8288e-12
15.35 1.54162e-12
15.4 -4.4179e-13
15.45 2.03744e-12
15.5 2.84203e-12
15.55 -5.88279e-13
15.6 -2.64716e-12
15.65 -2.8013e-12
15.7 -1.5031e-12
15.75 2.56273e-13
15.8 2.73117e-12
15.85 -3.99218e-13
15.9 -1.76377e-12
15.95 2.49003e-12
16 2.65793e-12
16.05 3.84258e-12
16.1 3.87146e-13
16.15 -7.38048e-12
16.2 -6.48957e-12
16.25 -4.91101e-12
16.3 -5.51943e-12
16.35 -3.45497e-12
16.4 -5.99792e-13
16.45 -6.36785e-13
16.5 -1.09062e-12
16.55 -2.36562e-13
16.6 -3.53415e-12
16.65 -4.15036e-12
16.7 6.52783e-14
16.75 2.46821e-12
16.8 4.3101e-12
16.85 5.91564e-12
16.9 5.73887e-12
16.95 5.59611e-12
17 3.36226e-12
17.05 1.37616e-12
17.1 3.22e-12
17.15 3.59399e-12
17.2 2.79405e-12
17.25 -7.57617e-13
17.3 -2.18804e-12
17.35 6.57374e-13
17.4 3.24276e-12
17.45 8.2054e-12
17.5 9.97341e-12
17.55 8.68461e-12
17.6 4.44256e-12
17.65 2.31691e-12
17.7 3.6301e-12
17.75 4.38527e-12
17.8 6.93917e-12
17.85 3.39931e-12
17.9 4.80499e-12
17.95 6.80091e-12
18 6.66445e-13
18.05 -1.42623e-12
18.1 -2.01596e-12
18.15 1.87533e-12
18.2 3.97255e-12
18.25 8.71241e-13
18.3 2.10621e-13
18.35 -2.27002e-12
18.4 -3.58091e-12
18.45 -3.18843e-12
18.5 -4.68378e-13
18.55 2.40871e-12
18.6 5.58121e-12
18.65 7.72998e-12
18.7 4.14583e-12
18.75 2.56041e-12
18.8 4.22843e-13
18.85 -3.15955e-12
18.9 -7.66133e-14
18.95 4.04981e-12
19 2.07512e-12
19.05 -1.21559e-13
19.1 -2.16035e-12
19.15 -3.09578e-12
19.2 4.56364e-12
19.25 8.57214e-12
19.3 4.75526e-12
19.35 1.90746e-12
19.4 -1.46865e-12
19.45 -1.31185e-12
19.5 -1.44778e-12
19.55 -4.40368e-12
19.6 -6.41902e-12
19.65 -5.01309e-12
19.7 -1.16648e-12
19.75 -2.78011e-12
19.8 -1.94413e-12
19.85 1.2842e-13
19.9 -2.03401e-12
19.95 -2.59914e-12
20 -3.08863e-12
