0.05 0.0167829
0.1 0.03344
0.15 0.0498473
0.2 0.0658836
0.25 0.0814325
0.3 0.0963835
0.35 0.110633
0.4 0.124088
0.45 0.136661
0.5 0.14828
0.55 0.158878
0.6 0.168406
0.65 0.176823
0.7 0.184101
0.75 0.190223
0.8 0.195187
0.85 0.199
0.9 0.20168
0.95 0.203256
1 0.203767
1.05 0.203259
1.1 0.201788
1.15 0.199414
1.2 0.196204
1.25 0.192229
1.3 0.187564
1.35 0.182285
1.4 0.17647
1.45 0.170196
1.5 0.16354
1.55 0.156579
1.6 0.149383
1.65 0.142024
1.7 0.134566
1.75 0.127072
1.8 0.119598
1.85 0.112196
1.9 0.104912
1.95 0.097789
2 0.0908621
2.05 0.0841625
2.1 0.0777161
2.15 0.0715438
2.2 0.0656619
2.25 0.0600821
2.3 0.0548122
2.35 0.0498563
2.4 0.0452148
2.45 0.0408854
2.5 0.036863
2.55 0.0331402
2.6 0.0297076
2.65 0.0265543
2.7 0.0236681
2.75 0.0210359
2.8 0.0186435
2.85 0.0164768
2.9 0.0145212
2.95 0.012762
3 0.0111847
3.05 0.00977525
3.1 0.00851982
3.15 0.0074052
3.2 0.00641875
3.25 0.00554849
3.3 0.00478315
3.35 0.00411216
3.4 0.00352571
3.45 0.00301472
3.5 0.00257083
3.55 0.00218639
3.6 0.00185445
3.65 0.00156868
3.7 0.0013234
3.75 0.0011135
3.8 0.000934383
3.85 0.000781997
3.9 0.000652725
3.95 0.000543378
4 0.000451153
4.05 0.000373591
4.1 0.000308547
4.15 0.000254156
4.2 0.000208803
4.25 0.000171092
4.3 0.000139824
4.35 0.000113972
4.4 9.26559e-05
4.45 7.513e-05
4.5 6.07601e-05
4.55 4.90107e-05
4.6 3.94304e-05
4.65 3.16403e-05
4.7 2.53233e-05
4.75 2.02149e-05
4.8 1.60952e-05
4.85 1.27819e-05
4.9 1.01244e-05
4.95 7.99869e-06
5 6.30299e-06
5.05 4.95396e-06
5.1 3.88363e-06
5.15 3.0367e-06
5.2 2.36836e-06
5.25 1.84236e-06
5.3 1.4295e-06
5.35 1.10631e-06
5.4 8.54e-07
5.45 6.57542e-07
5.5 5.04987e-07
5.55 3.86835e-07
5.6 2.95571e-07
5.65 2.25265e-07
5.7 1.71248e-07
5.75 1.29855e-07
5.8 9.82146e-08
5.85 7.40953e-08
5.9 5.57577e-08
5.95 4.1851e-08
6 3.13339e-08
6.05 2.33949e-08
6.1 1.74204e-08
6.15 1.29358e-08
6.2 9.57938e-09
6.25 7.07268e-09
6.3 5.20623e-09
6.35 3.83068e-09
6.4 2.81152e-09
6.45 2.05414e-09
6.5 1.495e-09
6.55 1.08433e-09
6.6 7.84328e-10
6.65 5.6905e-10
6.7 4.18007e-10
6.75 3.09904e-10
6.8 2.26507e-10
6.85 1.63777e-10
6.9 1.20381e-10
6.95 9.09156e-11
7 6.87279e-11
7.05 5.00535e-11
7.1 3.54981e-11
7.15 2.35656e-11
7.2 1.85252e-11
7.25 1.57583e-11
7.3 1.42915e-11
7.35 1.50265e-11
7.4 1.20947e-11
7.45 5.09935e-12
7.5 9.86843e-13
7.55 1.71076e-12
7.6 -1.10856e-12
7.65 -4.74375e-12
7.7 -5.13837e-12
7.75 -8.70331e-12
7.8 -1.63655e-11
7.85 -1.91143e-11
7.9 -1.79593e-11
7.95 -1.59351e-11
8 -1.50096e-11
8.05 -1.7817e-11
8.1 -1.79455e-11
8.15 -2.07187e-11
8.2 -2.45754e-11
8.25 -2.43824e-11
8.3 -2.72141e-11
8.35 -2.78129e-11
8.4 -2.64209e-11
8.45 -2.60549e-11
8.5 -2.2328e-11
8.55 -1.90192e-11
8.6 -1.51278e-11
8.65 -1.04358e-11
8.7 -6.57759e-12
8.75 -5.09892e-13
8.8 -2.33439e-13
8.85 -5.30344e-12
8.9 -7.42516e-12
8.95 -9.13412e-12
9 -8.84559e-12
9.05 -6.29555e-12
9.1 -9.76025e-13
9.15 4.66226e-12
9.2 5.03651e-12
9.25 7.5194e-12
9.3 1.09841e-11
9.35 9.93402e-12
9.4 6.73132e-12
9.45 2.9166e-12
9.5 1.22595e-12
9.55 -2.14097e-12
9.6 -7.25472e-12
9.65 -7.63645e-12
9.7 -3.96307e-12
9.75 3.08416e-13
9.8 4.88127e-12
9.85 7.20727e-12
9.9 4.49484e-12
9.95 2.27215e-12
10 1.96698e-12
10.05 8.16517e-13
10.1 1.2053e-12
10.15 2.88023e-12
10.2 1.32668e-12
10.25 -2.24701e-12
10.3 -6.29173e-13
10.35 2.8477e-12
10.4 4.02783e-12
10.45 5.01675e-12
10.5 3.60429e-12
10.55 8.97366e-13
10.6 -2.75897e-12
10.65 -5.52271e-12
10.7 -4.53243e-12
10.75 -3.53818e-12
10.8 -5.67486e-13
10.85 5.22137e-12
10.9 8.2148e-12
10.95 8.40046e-12
11 6.46403e-12
11.05 3.68942e-12
11.1 3.73783e-12
11.15 1.34572e-12
11.2 -3.21262e-12
11.25 -3.78741e-12
11.3 -6.39045e-12
11.35 -7.08095e-12
11.4 -3.11381e-12
11.45 -3.17169e-12
11.5 -2.46808e-12
11.55 -8.04415e-13
11.6 1.5209e-12
11.65 6.75824e-12
11.7 6.97353e-12
11.75 6.42436e-12
11.8 6.88141e-12
11.85 1.88936e-12
11.9 -1.52324e-12
11.95 7.10741e-14
12 1.92794e-12
12.05 6.1595e-13
12.1 -4.11135e-12
12.15 -6.62651e-12
12.2 -5.32785e-12
12.25 -4.53926e-12
12.3 -3.42149e-12
12.35 -5.3533e-13
12.4 -9.29887e-13
12.45 -2.13709e-12
12.5 -1.97272e-12
12.55 -3.97509e-12
12.6 -6.7096e-12
12.65 -6.93558e-12
12.7 -5.47317e-12
12.75 -2.47e-12
12.8 -6.55792e-13
12.85 2.91793e-12
12.9 3.15467e-12
12.95 -1.07889e-12
13 -3.60732e-12
13.05 -1.43333e-12
13.1 -2.30534e-13
13.15 7.53502e-13
13.2 -8.31328e-13
13.25 -2.18397e-12
13.3 -3.73976e-12
13.35 -3.37646e-12
13.4 -3.92067e-12
13.45 -4.34e-12
13.5 -4.7222e-12
13.55 -3.3162e-12
13.6 -1.46862e-12
13.65 1.019e-12
13.7 4.23908e-12
13.75 4.55073e-12
13.8 4.84197e-12
13.85 5.96304e-12
13.9 5.37307e-12
13.95 5.8998e-12
14 1.15069e-11
14.05 9.63353e-12
14.1 5.65862e-12
14.15 3.4417e-12
14.2 2.36729e-12
14.25 3.73565e-12
14.3 2.8218e-12
14.35 -7.87166e-13
14.4 -4.01826e-13
14.45 4.77427e-13
14.5 -1.49629e-12
14.55 2.24081e-12
14.6 3.11518e-12
14.65 2.20062e-12
14.7 -1.84569e-12
14.75 -6.17225e-12
14.8 -1.00886e-11
14.85 -7.09439e-12
14.9 -6.59079e-12
14.95 -3.87259e-12
15 -3.8575e-12
15.05 -3.3858e-12
15.1 -4.7714e-12
15.15 -7.42712e-13
15.2 -3.58919e-12
15.25 -3.65213e-12
15.3 -4.54418e-12
15.35 -1.40839e-12
15.4 -1.93295e-13
15.45 1.68621e-12
15.5 1.54871e-12
15.55 4.61429e-12
15.6 5.39968e-12
15.65 -4.24879e-14
15.7 -1.69297e-12
15.75 -1.79234e-12
15.8 2.59615e-12
15.85 5.39479e-12
15.9 6.87238e-12
15.95 3.39156e-12
16 2.99651e-12
16.05 3.96554e-12
16.1 5.52473e-12
16.15 5.24143e-12
16.2 2.80604e-12
16.25 1.20798e-12
16.3 -7.3592e-13
16.35 -9.70695e-13
16.4 -3.00076e-12
16.45 -1.88819e-12
16.5 -2.70943e-13
16.55 3.06947e-12
16.6 3.03841e-12
16.65 3.129e-14
16.7 -1.23009e-12
16.75 3.30735e-13
16.8 2.58932e-12
16.85 -1.21159e-12
16.9 -1.32178e-12
16.95 -1.77891e-12
17 -2.01328e-12
17.05 -7.24363e-13
17.1 -1.5352e-13
17.15 3.39685e-12
17.2 4.8734e-12
17.25 6.36448e-12
17.3 3.59406e-12
17.35 1.95015e-12
17.4 1.45133e-12
17.45 -3.16992e-13
17.5 6.56522e-13
17.55 -1.01146e-12
17.6 2.98373e-13
17.65 -9.11166e-13
17.7 -3.90836e-12
17.75 -1.44262e-12
17.8 1.53491e-12
17.85 3.35079e-12
17.9 2.06994e-12
17.95 3.10918e-12
18 3.40738e-12
18.05 1.51797e-12
18.1 1.5276e-12
18.15 -1.94887e-13
18.2 1.13777e-12
18.25 2.59786e-12
18.3 8.96e-13
18.35 -8.36598e-13
18.4 -2.11269e-12
18.45 -3.05771e-12
18.5 -6.21986e-12
18.55 -5.24357e-12
18.6 -1.89681e-12
18.65 -1.73794e-12
18.7 -6.93351e-13
18.75 2.78091e-13
18.8 1.5156e-12
18.85 2.3541e-12
18.9 3.12067e-12
18.95 3.6498e-12
19 2.79673e-12
19.05 4.38849e-12
19.1 4.48286e-12
19.15 2.93642e-12
19.2 2.00604e-12
19.25 5.62424e-13
19.3 1.97766e-12
19.35 2.82623e-12
19.4 2.28e-12
19.45 1.9035e-12
19.5 1.07624e-12
19.55 1.92888e-12
19.6 3.50759e-13
19.65 -1.50901e-12
19.7 -8.32614e-14
19.75 2.13563e-13
19.8 -3.00715e-13
19.85 -1.44506e-12
19.9 -2.67829e-13
19.95 2.71149e-12
20 1.53297e-12
1 0.953639
2 0.298756
3 0.0362225
4 0.00237181
5 9.76657e-05
6 2.76731e-06
7 5.72972e-08
8 9.05158e-10
9 1.12718e-11
10 1.13498e-13
