0.05 0.000901585
0.1 0.0018469
0.15 0.00283562
0.2 0.00386736
0.25 0.00494166
0.3 0.00605798
0.35 0.00721573
0.4 0.00841425
0.45 0.00965279
0.5 0.0109306
0.55 0.0122467
0.6 0.0136002
0.65 0.0149902
0.7 0.0164156
0.75 0.0178752
0.8 0.0193678
0.85 0.0208924
0.9 0.0224474
0.95 0.0240317
1 0.0256438
1.05 0.0272823
1.1 0.0289456
1.15 0.0306322
1.2 0.0323406
1.25 0.0340692
1.3 0.0358162
1.35 0.0375799
1.4 0.0393587
1.45 0.0411509
1.5 0.0429545
1.55 0.0447678
1.6 0.046589
1.65 0.0484163
1.7 0.0502477
1.75 0.0520814
1.8 0.0539155
1.85 0.0557482
1.9 0.0575775
1.95 0.0594016
2 0.0612186
2.05 0.0630266
2.1 0.0648237
2.15 0.0666081
2.2 0.0683779
2.25 0.0701314
2.3 0.0718666
2.35 0.0735819
2.4 0.0752755
2.45 0.0769457
2.5 0.0785907
2.55 0.080209
2.6 0.0817988
2.65 0.0833587
2.7 0.0848871
2.75 0.0863824
2.8 0.0878433
2.85 0.0892684
2.9 0.0906563
2.95 0.0920056
3 0.0933152
3.05 0.0945839
3.1 0.0958105
3.15 0.096994
3.2 0.0981333
3.25 0.0992276
3.3 0.100276
3.35 0.101277
3.4 0.102231
3.45 0.103136
3.5 0.103993
3.55 0.1048
3.6 0.105556
3.65 0.106263
3.7 0.106918
3.75 0.107522
3.8 0.108075
3.85 0.108576
3.9 0.109025
3.95 0.109423
4 0.109768
4.05 0.110062
4.1 0.110304
4.15 0.110495
4.2 0.110634
4.25 0.110722
4.3 0.11076
4.35 0.110747
4.4 0.110685
4.45 0.110574
4.5 0.110413
4.55 0.110205
4.6 0.10995
4.65 0.109647
4.7 0.109299
4.75 0.108906
4.8 0.108468
4.85 0.107987
4.9 0.107464
4.95 0.106898
5 0.106293
5.05 0.105648
5.1 0.104964
5.15 0.104243
5.2 0.103486
5.25 0.102693
5.3 0.101866
5.35 0.101007
5.4 0.100116
5.45 0.0991937
5.5 0.0982426
5.55 0.0972633
5.6 0.0962571
5.65 0.0952253
5.7 0.0941691
5.75 0.0930897
5.8 0.0919883
5.85 0.0908663
5.9 0.0897248
5.95 0.088565
6 0.0873884
6.05 0.0861959
6.1 0.0849889
6.15 0.0837686
6.2 0.0825361
6.25 0.0812927
6.3 0.0800395
6.35 0.0787776
6.4 0.0775083
6.45 0.0762326
6.5 0.0749515
6.55 0.0736663
6.6 0.072378
6.65 0.0710875
6.7 0.0697959
6.75 0.0685042
6.8 0.0672134
6.85 0.0659243
6.9 0.064638
6.95 0.0633552
7 0.0620769
7.05 0.0608039
7.1 0.059537
7.15 0.058277
7.2 0.0570245
7.25 0.0557804
7.3 0.0545454
7.35 0.05332
7.4 0.052105
7.45 0.0509009
7.5 0.0497083
7.55 0.0485278
7.6 0.0473598
7.65 0.0462049
7.7 0.0450636
7.75 0.0439362
7.8 0.0428232
7.85 0.041725
7.9 0.0406418
7.95 0.0395741
8 0.0385221
8.05 0.0374862
8.1 0.0364664
8.15 0.0354632
8.2 0.0344766
8.25 0.0335069
8.3 0.0325543
8.35 0.0316187
8.4 0.0307004
8.45 0.0297994
8.5 0.0289159
8.55 0.0280497
8.6 0.0272011
8.65 0.0263699
8.7 0.0255562
8.75 0.02476
8.8 0.0239811
8.85 0.0232196
8.9 0.0224754
8.95 0.0217483
9 0.0210383
9.05 0.0203453
9.1 0.0196691
9.15 0.0190095
9.2 0.0183665
9.25 0.0177399
9.3 0.0171294
9.35 0.0165349
9.4 0.0159562
9.45 0.0153932
9.5 0.0148455
9.55 0.014313
9.6 0.0137955
9.65 0.0132927
9.7 0.0128044
9.75 0.0123303
9.8 0.0118703
9.85 0.011424
9.9 0.0109912
9.95 0.0105717
10 0.0101651
10.05 0.00977133
10.1 0.00939001
10.15 0.0090209
10.2 0.00866374
10.25 0.00831827
10.3 0.00798422
10.35 0.00766134
10.4 0.00734936
10.45 0.00704801
10.5 0.00675704
10.55 0.00647619
10.6 0.0062052
10.65 0.00594382
10.7 0.00569178
10.75 0.00544885
10.8 0.00521477
10.85 0.00498929
10.9 0.00477218
10.95 0.0045632
11 0.0043621
11.05 0.00416866
11.1 0.00398265
11.15 0.00380385
11.2 0.00363202
11.25 0.00346696
11.3 0.00330844
11.35 0.00315627
11.4 0.00301023
11.45 0.00287013
11.5 0.00273576
11.55 0.00260694
11.6 0.00248348
11.65 0.00236518
11.7 0.00225188
11.75 0.0021434
11.8 0.00203956
11.85 0.0019402
11.9 0.00184516
11.95 0.00175427
12 0.00166739
12.05 0.00158436
12.1 0.00150504
12.15 0.00142928
12.2 0.00135696
12.25 0.00128793
12.3 0.00122207
12.35 0.00115925
12.4 0.00109935
12.45 0.00104225
12.5 0.000987836
12.55 0.000936002
12.6 0.000886639
12.65 0.000839644
12.7 0.000794916
12.75 0.000752361
12.8 0.000711884
12.85 0.000673397
12.9 0.000636812
12.95 0.000602047
13 0.000569021
13.05 0.000537657
13.1 0.00050788
13.15 0.000479618
13.2 0.000452803
13.25 0.000427369
13.3 0.000403251
13.35 0.000380388
13.4 0.000358722
13.45 0.000338197
13.5 0.000318757
13.55 0.000300352
13.6 0.000282931
13.65 0.000266446
13.7 0.000250853
13.75 0.000236108
13.8 0.000222167
13.85 0.000208992
13.9 0.000196544
13.95 0.000184787
14 0.000173685
14.05 0.000163205
14.1 0.000153316
14.15 0.000143986
14.2 0.000135187
14.25 0.00012689
14.3 0.00011907
14.35 0.000111702
14.4 0.00010476
14.45 9.82233e-05
14.5 9.20691e-05
14.55 8.62768e-05
14.6 8.08269e-05
14.65 7.57005e-05
14.7 7.08799e-05
14.75 6.63482e-05
14.8 6.20892e-05
14.85 5.80878e-05
14.9 5.43295e-05
14.95 5.08005e-05
15 4.74877e-05
15.05 4.4379e-05
15.1 4.14624e-05
15.15 3.8727e-05
15.2 3.61622e-05
15.25 3.37581e-05
15.3 3.15053e-05
15.35 2.93948e-05
15.4 2.74183e-05
15.45 2.55677e-05
15.5 2.38356e-05
15.55 2.22148e-05
15.6 2.06986e-05
15.65 1.92807e-05
15.7 1.7955e-05
15.75 1.6716e-05
15.8 1.55582e-05
15.85 1.44768e-05
15.9 1.34668e-05
15.95 1.2524e-05
16 1.1644e-05
16.05 1.08229e-05
16.1 1.0057e-05
16.15 9.34278e-06
16.2 8.67694e-06
16.25 8.05639e-06
16.3 7.47821e-06
16.35 6.93966e-06
16.4 6.43816e-06
16.45 5.9713e-06
16.5 5.5368e-06
16.55 5.13254e-06
16.6 4.75652e-06
16.65 4.40687e-06
16.7 4.08183e-06
16.75 3.77975e-06
16.8 3.49908e-06
16.85 3.23839e-06
16.9 2.99631e-06
16.95 2.77159e-06
17 2.56304e-06
17.05 2.36953e-06
17.1 2.19005e-06
17.15 2.02362e-06
17.2 1.86935e-06
17.25 1.72637e-06
17.3 1.5939e-06
17.35 1.4712e-06
17.4 1.35759e-06
17.45 1.25242e-06
17.5 1.15507e-06
17.55 1.06501e-06
17.6 9.81706e-07
17.65 9.04681e-07
17.7 8.33466e-07
17.75 7.6764e-07
17.8 7.06816e-07
17.85 6.50637e-07
17.9 5.98755e-07
17.95 5.50847e-07
18 5.06624e-07
18.05 4.65817e-07
18.1 4.28181e-07
18.15 3.93478e-07
18.2 3.61478e-07
18.25 3.31974e-07
18.3 3.04781e-07
18.35 2.79729e-07
18.4 2.56649e-07
18.45 2.35388e-07
18.5 2.15809e-07
18.55 1.97788e-07
18.6 1.81192e-07
18.65 1.65909e-07
18.7 1.51838e-07
18.75 1.38891e-07
18.8 1.26976e-07
18.85 1.16013e-07
18.9 1.05913e-07
18.95 9.66184e-08
19 8.80615e-08
19.05 8.01885e-08
19.1 7.29377e-08
19.15 6.62549e-08
19.2 6.00922e-08
19.25 5.44053e-08
19.3 4.91445e-08
19.35 4.42634e-08
19.4 3.97362e-08
19.45 3.55332e-08
19.5 3.16231e-08
19.55 2.79708e-08
19.6 2.45491e-08
19.65 2.13222e-08
19.7 1.82708e-08
19.75 1.5374e-08
19.8 1.26068e-08
19.85 9.95212e-09
19.9 7.38629e-09
19.95 4.89346e-09
20 2.44109e-09
